1.862439999999999929e-01
1.367700000000000027e-01
8.673699999999999466e-02
1.074539999999999940e-01
1.760349999999999970e-01
1.162109999999999949e-01
1.105669999999999986e-01
8.360499999999999876e-02
1.598580000000000001e-01
1.055809999999999943e-01
1.270709999999999895e-01
1.296489999999999865e-01
1.690859999999999863e-01
1.369269999999999932e-01
1.036689999999999973e-01
1.242990000000000067e-01
1.102889999999999981e-01
1.026370000000000060e-01
1.078380000000000033e-01
1.270360000000000100e-01
1.373560000000000059e-01
1.275540000000000007e-01
1.142650000000000055e-01
9.534499999999999920e-02
8.723699999999999510e-02
8.956999999999999684e-02
9.656599999999999906e-02
1.635189999999999977e-01
1.299420000000000019e-01
1.129649999999999960e-01
1.381189999999999918e-01
1.452900000000000025e-01
2.025510000000000088e-01
1.251599999999999935e-01
1.482300000000000006e-01
9.939299999999999524e-02
1.122820000000000068e-01
5.036810000000000453e-01
1.451369999999999882e-01
1.130189999999999945e-01
1.392609999999999959e-01
1.391830000000000012e-01
1.309240000000000126e-01
1.120980000000000032e-01
1.382770000000000110e-01
1.164889999999999953e-01
1.226929999999999965e-01
1.540179999999999882e-01
1.758859999999999868e-01
1.229200000000000015e-01
1.126609999999999973e-01
3.510969999999999924e-01
1.284069999999999934e-01
1.733629999999999893e-01
7.668639999999999901e-01
1.294740000000000058e-01
1.666940000000000088e-01
1.058879999999999960e-01
9.850200000000000622e-02
1.490910000000000013e-01
1.164229999999999987e-01
1.337990000000000013e-01
1.391439999999999899e-01
1.464010000000000034e-01
1.338350000000000095e-01
1.589039999999999897e-01
9.265500000000000125e-02
8.473400000000000376e-02
1.754509999999999958e-01
1.602290000000000103e-01
1.241560000000000025e-01
1.223270000000000052e-01
1.260699999999999876e-01
1.099610000000000032e-01
1.259530000000000094e-01
1.278920000000000057e-01
1.201669999999999960e-01
9.269700000000000162e-02
1.123910000000000048e-01
1.112080000000000013e-01
1.429219999999999935e-01
6.068599999999999689e-02
7.674599999999999478e-02
1.495239999999999903e-01
1.471929999999999905e-01
1.137859999999999983e-01
1.570660000000000112e-01
1.406080000000000108e-01
1.322359999999999924e-01
1.142190000000000011e-01
1.329140000000000044e-01
8.693399999999999739e-02
1.286309999999999953e-01
1.186170000000000002e-01
9.093600000000000294e-02
1.525309999999999999e-01
1.269849999999999868e-01
1.247479999999999978e-01
1.450549999999999895e-01
1.020609999999999989e-01
1.625610000000000110e-01
1.264409999999999978e-01
1.630870000000000097e-01
2.077080000000000037e-01
1.168489999999999945e-01
1.389350000000000029e-01
1.314269999999999883e-01
1.481570000000000109e-01
1.290530000000000010e-01
1.251690000000000025e-01
1.351930000000000076e-01
1.461880000000000124e-01
9.889000000000000568e-02
1.203779999999999989e-01
1.132459999999999994e-01
1.041519999999999946e-01
1.028899999999999954e-01
1.052840000000000026e-01
1.007300000000000001e-01
1.349309999999999954e-01
8.693599999999999939e-02
9.284100000000000685e-02
1.157019999999999993e-01
2.629719999999999835e-01
1.446020000000000083e-01
9.751899999999999458e-02
1.188509999999999983e-01
9.744300000000000184e-02
1.331420000000000103e-01
1.012249999999999955e-01
7.938000000000000611e-02
9.072700000000000209e-02
9.785299999999999554e-02
1.226479999999999931e-01
1.116510000000000002e-01
1.147169999999999995e-01
1.069739999999999996e-01
1.133730000000000016e-01
1.268459999999999865e-01
7.143099999999999450e-02
9.069199999999999484e-02
7.691499999999999726e-02
7.240399999999999614e-02
8.988899999999999668e-02
9.042999999999999650e-02
1.096479999999999955e-01
1.094149999999999984e-01
1.122179999999999983e-01
1.614859999999999907e-01
1.634676000000000018e+00
2.456029999999999880e-01
1.071170000000000039e-01
1.741280000000000050e-01
1.061259999999999981e-01
8.729900000000000160e-02
9.163499999999999424e-02
9.105900000000000105e-02
8.860400000000000220e-02
1.360460000000000003e-01
8.300499999999999545e-02
1.502580000000000027e-01
7.481699999999999462e-02
9.628699999999999759e-02
1.043459999999999943e-01
1.262620000000000131e-01
1.447450000000000125e-01
1.012030000000000013e-01
1.299059999999999937e-01
1.050149999999999972e-01
1.931180000000000119e-01
2.385700000000000043e-01
1.251619999999999955e-01
9.482599999999999363e-02
2.698169999999999735e-01
3.007119999999999793e-01
1.203789999999999999e-01
1.980104000000000086e+00
1.344009999999999927e-01
1.974210000000000131e-01
1.383709999999999940e-01
1.179749999999999965e-01
7.815199999999999925e-02
1.294793000000000083e+00
1.141869999999999968e-01
1.351259999999999961e-01
8.114200000000000579e-02
1.138939999999999952e-01
1.002559999999999979e-01
9.322300000000000031e-02
9.128100000000000103e-02
8.734000000000000097e-02
6.984300000000000230e-02
9.362099999999999589e-02
9.817299999999999638e-02
7.881900000000000017e-02
8.380100000000000049e-02
1.103930000000000050e-01
1.006729999999999986e-01
7.664100000000000357e-01
7.881100000000000605e-02
1.118959999999999955e-01
8.323400000000000243e-02
1.850849999999999995e-01
2.594009999999999927e-01
9.612400000000000111e-02
8.379999999999999949e-02
8.326300000000000368e-02
2.000540000000000096e-01
8.239499999999999602e-02
1.227990000000000054e-01
9.534099999999999520e-02
1.081320000000000059e-01
1.008140000000000008e-01
8.760199999999999931e-02
1.340870000000000117e-01
1.149410000000000015e-01
1.734370000000000078e-01
7.357600000000000251e-02
7.804600000000000426e-02
1.637500000000000067e-01
1.422740000000000116e-01
1.026200000000000029e-01
1.239600000000000007e-01
1.223240000000000022e-01
1.243220000000000020e-01
1.133310000000000012e-01
9.952500000000000235e-02
1.142900000000000027e-01
1.010410000000000058e-01
1.243859999999999966e-01
1.542449999999999932e-01
1.195660000000000056e-01
1.499540000000000040e-01
1.281370000000000009e-01
1.200559999999999961e-01
1.947139999999999982e-01
1.424429999999999863e-01
1.513029999999999931e-01
3.448939999999999784e-01
1.038000000000000034e-01
1.702639999999999987e-01
1.199500000000000011e-01
9.768699999999999606e-02
9.607799999999999674e-02
1.286700000000000066e-01
8.905599999999999627e-02
1.202629999999999949e-01
1.026139999999999969e-01
7.759900000000000131e-02
7.707100000000000062e-02
1.899720000000000020e-01
1.097019999999999940e-01
1.229240000000000055e-01
1.307669999999999944e-01
9.268500000000000349e-02
3.215910000000000157e-01
1.157239999999999935e-01
1.150029999999999941e-01
9.997300000000000630e-02
9.250400000000000289e-02
9.955500000000000460e-02
9.705199999999999938e-02
1.125560000000000033e-01
9.757499999999999507e-02
7.824599999999999611e-02
9.698569999999999691e-01
9.705600000000000338e-02
1.229210000000000025e-01
1.493879999999999930e-01
1.804669999999999885e-01
1.107090000000000019e-01
1.033879999999999938e-01
7.947899999999999410e-02
1.342599999999999905e-01
1.461189999999999989e-01
1.202270000000000005e-01
1.417950000000000044e-01
9.443699999999999317e-02
2.873330000000000051e-01
9.248199999999999477e-02
1.436649999999999983e+00
1.234119999999999939e-01
3.992720000000000158e-01
1.204270000000000063e-01
1.099549999999999972e-01
1.417279999999999929e-01
1.420430000000000026e-01
1.143030000000000018e-01
1.941140000000000088e-01
1.601539999999999908e-01
2.753160000000000052e-01
1.492390000000000105e-01
1.167600000000000027e-01
1.134060000000000068e-01
1.180490000000000012e-01
1.218640000000000001e-01
1.743389999999999940e-01
1.114010000000000000e-01
1.419320000000000026e-01
1.097989999999999938e-01
1.216300000000000020e-01
1.638539999999999996e-01
1.133630000000000054e-01
5.319289999999999852e-01
9.374699999999999700e-02
1.969049999999999967e-01
1.641910000000000036e-01
1.108669999999999933e-01
1.146680000000000060e-01
2.139040000000000108e-01
1.649650000000000005e-01
1.046310000000000018e-01
1.062250000000000000e-01
1.673399999999999888e-01
1.318479999999999930e-01
1.873569999999999958e-01
1.174509999999999998e-01
1.431449999999999945e-01
1.355329999999999868e-01
1.923350000000000060e-01
1.380159999999999998e-01
1.413109999999999922e-01
1.246199999999999947e-01
1.791810000000000069e-01
1.783069999999999933e-01
1.010879999999999973e-01
1.429729999999999890e-01
1.235160000000000008e-01
1.198089999999999988e-01
1.100050000000000056e-01
9.968200000000000671e-02
1.271170000000000078e-01
1.397309999999999941e-01
1.619009999999999894e-01
1.060330000000000022e-01
8.706999999999999462e-02
1.455670000000000019e-01
1.373699999999999921e-01
9.144449999999999523e-01
1.251203999999999983e+00
1.969680000000000042e-01
1.015230000000000021e-01
1.170820000000000055e-01
1.304299999999999904e-01
9.463399999999999590e-02
1.151689999999999936e-01
9.097399999999999931e-02
1.195149999999999962e-01
8.755200000000000482e-02
1.435680000000000012e-01
1.236450000000000049e-01
1.305520000000000014e-01
1.237790000000000001e-01
1.940769999999999995e-01
1.578660000000000063e-01
1.646990000000000121e-01
1.061580000000000024e-01
9.641600000000000170e-02
9.376800000000000412e-02
1.087840000000000057e-01
8.680499999999999328e-02
1.158170000000000033e-01
7.525099999999999845e-02
8.342800000000000216e-02
1.222850000000000048e-01
1.332129999999999981e-01
1.155260000000000037e-01
1.367210000000000092e-01
2.357769999999999866e-01
1.211900000000000061e-01
1.358379999999999865e-01
7.497900000000000398e-02
7.529169999999999474e-01
1.086189999999999933e-01
1.344859999999999944e-01
9.808200000000000252e-02
9.126800000000000190e-02
7.934700000000000086e-02
1.247609999999999969e-01
1.115529999999999994e-01
9.618000000000000160e-02
1.009270000000000028e-01
1.026999999999999996e-01
9.463000000000000578e-02
8.452199999999999991e-02
1.154059999999999947e-01
1.292059999999999875e-01
1.678939999999999877e-01
1.433979999999999977e-01
1.184729999999999950e-01
1.297379999999999922e-01
1.293710000000000138e-01
1.410379999999999967e-01
8.028699999999999726e-02
1.047889999999999933e-01
8.456500000000000128e-02
9.614999999999999936e-02
1.819290000000000074e-01
1.830900000000000027e-01
5.927130000000000454e-01
1.032440000000000024e-01
1.603870000000000018e-01
1.178410000000000013e-01
1.094460000000000016e-01
1.375760000000000038e-01
1.091280000000000028e-01
1.294150000000000023e-01
1.230379999999999946e-01
1.554480000000000028e-01
1.149349999999999955e-01
1.959629999999999983e-01
1.287550000000000083e-01
1.598110000000000086e-01
1.187969999999999998e-01
1.013929999999999970e-01
8.131099999999999439e-02
8.679099999999999315e-02
1.511409999999999976e-01
1.333550000000000013e+00
1.366100000000000092e-01
1.188639999999999974e-01
9.195299999999999307e-02
8.298099999999999921e-02
1.247629999999999989e-01
8.704599999999999838e-02
7.314600000000000268e-02
7.008399999999999352e-02
8.376599999999999324e-02
7.597199999999999787e-02
8.911299999999999777e-02
7.605299999999999561e-02
7.402100000000000346e-02
7.481899999999999662e-02
7.738100000000000533e-02
7.571600000000000552e-02
7.413400000000000545e-02
8.503700000000000148e-02
8.529699999999999782e-02
8.676799999999999791e-02
3.097500000000000142e+00
7.906599999999999739e-02
8.148600000000000287e-02
1.041369999999999935e-01
1.369889999999999997e-01
1.254210000000000047e-01
1.060930000000000067e-01
8.594499999999999362e-02
1.547370000000000134e-01
1.102830000000000060e-01
8.369600000000000650e-02
2.072243999999999975e+00
2.109010000000000051e-01
8.080099999999999782e-02
2.669869999999999743e-01
1.303149999999999864e-01
1.554480000000000028e-01
1.421610000000000096e-01
1.301819999999999922e-01
1.236229999999999968e-01
1.198309999999999931e-01
1.239040000000000002e-01
1.646970000000000101e-01
1.429179999999999895e-01
1.611059999999999992e-01
1.218640000000000001e-01
1.670010000000000105e-01
1.303839999999999999e-01
1.471330000000000138e-01
7.470599999999999463e-02
7.709499999999999686e-02
9.130299999999999527e-02
9.701999999999999513e-02
7.969099999999999795e-02
1.279399999999999982e-01
9.089200000000000057e-02
8.249399999999999789e-02
8.677400000000000391e-02
1.094470000000000026e-01
1.271829999999999905e-01
1.589319999999999899e-01
1.065090000000000064e-01
1.075310000000000016e-01
9.709800000000000375e-02
2.696450000000000236e-01
1.086629999999999957e-01
8.437699999999999367e-02
1.298549999999999982e-01
1.227290000000000048e-01
9.533200000000000007e-02
9.390739999999999643e-01
1.029589999999999950e-01
1.082510000000000000e-01
1.252199999999999980e-01
1.254810000000000092e-01
1.506470000000000031e-01
1.460140000000000049e-01
1.339579999999999937e-01
1.518130000000000035e-01
1.101250000000000007e-01
1.382639999999999980e-01
1.550380000000000091e-01
1.936670000000000058e-01
2.010379999999999945e-01
1.177389999999999964e-01
8.152199999999999724e-02
1.391509999999999969e-01
1.802279999999999993e-01
1.289220000000000088e-01
1.115519999999999984e-01
1.483389999999999986e-01
1.279289999999999872e-01
1.889550000000000118e-01
1.178720000000000045e-01
3.631150000000000211e-01
1.212570000000000037e-01
1.609339999999999937e-01
1.516609999999999903e-01
1.545769999999999922e-01
1.281100000000000017e-01
1.283400000000000096e-01
2.585770000000000013e-01
2.417509999999999937e-01
4.772929000000000421e+00
2.677649999999999753e-01
1.045190000000000008e-01
2.231480000000000130e-01
2.922739999999999783e-01
1.414739999999999887e-01
2.288360000000000116e-01
1.289949999999999986e-01
1.683800000000000019e-01
1.009250000000000008e-01
1.564300000000000135e-01
1.059340000000000004e-01
1.126840000000000064e-01
9.592799999999999938e-02
8.728299999999999947e-02
9.724700000000000011e-02
1.120400000000000007e-01
1.467529999999999946e-01
1.034110000000000029e-01
1.498559999999999892e-01
1.323040000000000049e-01
1.849570000000000103e-01
1.056630000000000069e-01
7.859299999999999620e-02
9.503999999999999948e-02
2.886600000000000277e-01
1.402390000000000025e-01
1.488309999999999911e-01
9.884500000000000230e-02
1.342150000000000010e-01
1.429449999999999887e-01
1.461600000000000121e-01
1.882030000000000092e-01
1.068950000000000039e-01
1.098869999999999986e-01
1.028160000000000046e-01
1.102589999999999959e-01
9.231100000000000416e-02
9.868599999999999595e-02
1.021220000000000044e-01
8.264199999999999324e-02
1.023570000000000035e-01
1.410019999999999885e-01
1.134339999999999932e-01
9.676099999999999979e-02
1.040380000000000055e-01
9.457400000000000528e-02
8.109700000000000242e-02
1.132330000000000003e-01
9.219800000000000217e-02
1.011200000000000015e-01
1.519719999999999960e-01
1.393719999999999959e-01
1.348799999999999999e-01
1.418547999999999920e+00
1.285020000000000051e-01
1.138610000000000039e-01
1.168750000000000067e-01
9.673900000000000554e-02
1.424980000000000135e-01
9.196799999999999420e-02
1.205630000000000035e-01
1.705430000000000001e-01
9.861200000000000521e-02
1.318340000000000067e-01
1.502969999999999862e-01
1.871369999999999978e-01
1.064650000000000041e-01
1.785009999999999930e-01
2.483170000000000099e-01
2.226430000000000076e-01
1.335919999999999885e-01
1.139020000000000032e-01
1.401509999999999978e-01
1.151080000000000020e-01
1.516119999999999968e-01
9.220399999999999430e-02
1.082349999999999979e-01
1.337980000000000003e-01
1.673669999999999880e-01
2.991059999999999830e-01
1.125690000000000024e-01
1.370989999999999986e-01
4.109820000000000140e-01
1.085350000000000065e-01
1.727380000000000027e-01
1.010000000000000064e-01
1.230900000000000050e-01
1.425490000000000090e-01
1.123190000000000022e-01
1.781280000000000086e-01
1.130160000000000053e-01
1.147370000000000057e-01
1.793160000000000032e-01
1.492279999999999995e-01
1.240070000000000061e-01
1.302669999999999939e-01
1.423599999999999866e-01
1.303140000000000132e-01
5.771260000000000279e-01
1.386149999999999882e-01
1.256480000000000097e-01
2.417819999999999969e-01
2.256670000000000065e-01
1.594909999999999939e-01
1.944760000000000100e-01
1.590570000000000039e-01
1.604019999999999890e-01
1.821319999999999883e-01
2.049829999999999985e-01
8.443610000000000282e-01
1.310560000000000058e-01
1.162929999999999936e-01
7.329700000000000104e-02
9.120300000000000629e-02
8.631400000000000183e-02
8.916399999999999326e-02
1.050029999999999991e-01
7.900999999999999690e-02
9.123599999999999766e-02
8.117800000000000016e-02
1.048509999999999998e-01
9.322800000000000531e-02
1.063540000000000041e-01
8.279499999999999360e-02
8.566899999999999515e-02
7.788399999999999490e-02
1.024280000000000052e-01
8.045700000000000074e-02
8.697699999999999876e-02
9.986899999999999944e-02
1.258539999999999937e-01
2.124089999999999867e-01
1.438200000000000034e-01
1.102589999999999959e-01
1.484920000000000129e-01
1.370030000000000137e-01
9.976999999999999758e-02
1.006296999999999997e+00
9.815909999999999913e-01
1.072686999999999946e+00
1.048000000000000043e-01
1.661140000000000116e-01
1.245430000000000009e-01
2.209139999999999993e-01
1.476310000000000122e-01
1.650280000000000080e-01
1.471550000000000080e-01
8.906100000000000128e-02
1.291960000000000053e-01
1.170159999999999950e-01
1.366799999999999959e-01
1.519179999999999975e-01
1.908449999999999869e-01
2.763200000000000101e-01
2.525580000000000047e-01
1.852209999999999968e-01
1.590370000000000117e-01
1.111280000000000046e-01
9.181699999999999584e-02
1.448929999999999940e-01
3.280460000000000043e-01
1.223130000000000051e-01
2.120980000000000087e-01
1.957770000000000066e-01
1.901269999999999905e-01
1.434459999999999902e-01
1.225569999999999993e-01
1.343669999999999864e-01
9.054600000000000148e-02
1.188519999999999993e-01
9.625499999999999334e-02
2.338659999999999906e-01
1.028810000000000002e-01
1.145459999999999950e-01
1.450299999999999923e-01
1.003249999999999975e-01
1.144889999999999936e-01
1.262189999999999979e-01
1.062570000000000042e-01
1.465549999999999908e-01
1.463170000000000026e-01
1.366739999999999899e-01
6.268820000000000503e-01
2.095360000000000000e-01
1.203609999999999958e-01
1.301309999999999967e-01
1.819330000000000114e-01
1.350220000000000031e-01
1.142790000000000056e-01
1.991860000000000019e-01
2.087870000000000004e-01
1.262320000000000109e-01
1.954039999999999944e-01
1.212290000000000034e-01
1.088019999999999959e-01
9.920800000000000451e-02
1.032249999999999973e-01
1.451310000000000100e-01
1.237309999999999938e-01
1.744860000000000022e-01
1.370339999999999892e-01
1.482580000000000009e-01
1.436020000000000074e-01
1.691580000000000028e-01
1.400119999999999976e-01
1.515350000000000030e-01
1.292830000000000090e-01
1.736240000000000006e-01
1.289629999999999943e-01
1.185400000000000065e-01
1.392059999999999964e-01
1.577580000000000093e-01
1.264119999999999966e-01
1.172699999999999992e-01
1.543269999999999920e-01
1.858370000000000022e-01
1.424159999999999870e-01
1.206770000000000065e-01
1.412150000000000072e-01
4.418690000000000118e-01
1.477880000000000027e-01
1.161330000000000001e-01
1.418280000000000096e-01
1.811939999999999940e-01
1.097569999999999935e-01
1.365639999999999910e-01
1.651269999999999960e-01
1.101980000000000043e-01
1.157620000000000038e-01
1.493710000000000038e-01
1.239169999999999994e-01
1.415029999999999899e-01
1.502709999999999879e-01
1.293769999999999920e-01
1.103620000000000018e-01
1.181360000000000049e-01
9.725679999999999881e-01
1.248121999999999954e+00
1.230949999999999961e-01
1.366860000000000019e-01
1.270940000000000125e-01
9.869400000000000395e-02
1.107950000000000046e-01
1.030940000000000051e-01
1.586839999999999917e-01
1.365570000000000117e-01
1.381209999999999938e-01
1.184169999999999945e-01
1.013440000000000035e-01
1.106690000000000035e-01
1.166070000000000023e-01
1.130039999999999933e-01
2.494049999999999878e-01
7.895399999999999641e-02
1.207759999999999945e-01
1.329569999999999919e-01
1.318890000000000062e-01
1.081300000000000039e-01
1.242820000000000036e-01
1.091469999999999940e-01
1.660030000000000117e-01
3.244799999999999907e-01
1.469640000000000113e-01
1.564339999999999897e-01
7.376699999999999924e-02
6.880500000000000504e-02
8.094800000000000606e-02
7.398599999999999621e-02
7.660000000000000142e-02
7.746699999999999420e-02
7.320300000000000418e-02
8.291700000000000459e-02
1.333229999999999971e-01
9.871000000000000607e-02
7.484999999999999987e-02
7.360700000000000576e-02
7.110900000000000554e-02
1.262590000000000101e-01
7.349139999999999562e-01
8.673300000000000454e-02
2.209740000000000038e-01
8.851100000000000634e-02
9.042300000000000337e-02
1.104129999999999973e-01
1.241069999999999951e-01
9.005900000000000016e-02
7.233100000000000640e-02
1.169130000000000030e-01
1.705359999999999931e-01
1.165950000000000042e-01
1.901940000000000019e-01
1.357659999999999978e-01
1.128190000000000026e-01
1.390329999999999899e-01
1.981559999999999988e-01
1.575550000000000006e-01
1.610439999999999927e-01
1.368439999999999934e-01
1.409030000000000005e-01
1.408349999999999880e-01
1.666120000000000101e-01
1.068579999999999947e-01
2.042049999999999976e-01
1.126909999999999995e-01
1.238410000000000066e-01
1.441870000000000096e-01
1.241000000000000020e-01
1.498059999999999947e-01
1.198840000000000044e-01
1.279969999999999997e-01
1.275459999999999927e-01
1.523960000000000037e-01
2.666650000000000187e+00
1.578809999999999936e-01
1.258110000000000062e-01
1.722249999999999892e-01
2.012529999999999875e-01
1.268489999999999895e-01
1.469149999999999900e-01
1.264959999999999973e-01
1.209159999999999957e-01
1.074829999999999952e-01
1.387349999999999972e-01
1.861049999999999927e-01
1.864220000000000044e-01
1.446240000000000026e-01
1.335770000000000013e-01
1.886210000000000109e-01
9.079700000000000271e-02
1.059129999999999933e-01
1.044410000000000061e-01
1.426050000000000095e-01
1.185510000000000036e-01
1.070559999999999984e-01
3.191840000000000233e-01
1.953670000000000129e-01
1.613159999999999872e-01
1.255789999999999962e-01
1.223120000000000041e-01
1.457749999999999879e-01
1.819880000000000109e-01
1.250010000000000010e-01
1.506979999999999986e-01
1.415899999999999936e-01
2.345649999999999957e-01
1.207130000000000009e-01
1.308860000000000023e-01
1.314879999999999938e-01
1.607399999999999940e-01
1.574820000000000109e-01
1.324480000000000102e-01
9.438699999999999868e-02
1.048110000000000014e-01
9.384399999999999686e-02
1.606660000000000033e-01
1.240799999999999959e-01
9.747999999999999721e-02
1.207860000000000045e-01
1.059889999999999999e-01
1.538059999999999983e-01
1.129359999999999947e-01
1.083589999999999970e-01
9.634500000000000008e-02
1.397670000000000023e-01
1.344650000000000012e-01
1.022679999999999978e-01
9.046300000000000174e-02
1.010420000000000068e-01
1.137740000000000001e-01
1.637949999999999962e-01
1.136970000000000064e-01
3.515229999999999744e-01
1.661610000000000031e-01
1.301380000000000037e-01
1.140700000000000047e-01
1.781820000000000070e-01
1.531780000000000086e-01
1.196389999999999953e-01
1.155680000000000041e-01
1.464820000000000011e-01
1.240969999999999990e-01
1.271569999999999923e-01
1.489689999999999903e-01
1.138679999999999970e-01
1.468629999999999936e-01
1.005700000000000066e-01
1.355179999999999996e-01
1.404469999999999885e-01
9.096200000000000119e-02
9.322099999999999831e-02
9.308700000000000307e-02
1.360230000000000050e-01
9.836899999999999811e-02
1.201979999999999993e-01
1.497269999999999990e-01
1.513760000000000105e-01
1.044199999999999989e-01
1.071129999999999999e-01
1.274470000000000047e-01
1.122589999999999977e-01
1.302939999999999932e-01
1.099470000000000031e-01
9.959800000000000597e-02
1.252340000000000120e-01
1.337889999999999913e-01
1.188950000000000007e-01
9.823400000000000187e-02
1.299549999999999872e-01
9.968000000000000471e-02
1.427440000000000098e-01
1.308229999999999948e-01
1.512259999999999993e-01
1.322470000000000034e-01
7.496400000000000285e-02
1.089180000000000009e-01
1.154229999999999978e-01
1.306640000000000024e-01
9.904300000000000603e-02
1.640929999999999889e-01
1.621650000000000036e-01
1.346360000000000057e-01
1.259170000000000011e-01
1.110560000000000019e-01
1.386560000000000015e-01
5.254699999999999926e-01
2.023069999999999868e-01
1.373890000000000111e-01
1.310800000000000021e-01
1.197479999999999933e-01
1.178219999999999962e-01
1.197980000000000017e-01
1.322679999999999967e-01
1.229210000000000025e-01
1.488549999999999873e-01
1.215190000000000020e-01
1.289810000000000123e-01
1.548750000000000127e-01
1.195790000000000047e-01
1.937929999999999930e-01
1.881579999999999919e-01
1.866802000000000072e+00
1.982160000000000033e-01
1.402069999999999983e-01
2.074870000000000048e-01
2.318630000000000135e-01
4.485660000000000203e-01
2.488110000000000044e-01
1.533420000000000061e-01
1.372690000000000021e-01
1.629410000000000025e-01
1.163649999999999962e-01
1.216509999999999952e-01
1.234800000000000064e-01
1.144410000000000011e-01
9.638800000000000145e-02
9.392699999999999660e-02
1.034469999999999973e-01
1.175739999999999980e-01
1.264639999999999931e-01
1.334619999999999973e-01
1.223140000000000061e-01
1.847940000000000138e-01
3.073569999999999913e-01
1.136510000000000020e-01
1.228400000000000047e-01
1.649680000000000035e-01
1.612830000000000097e-01
1.238820000000000060e-01
2.581459999999999866e-01
1.661809999999999954e-01
1.458969999999999989e-01
1.520050000000000012e-01
1.695830000000000115e-01
1.755659999999999998e-01
1.581889999999999963e-01
1.380770000000000053e-01
1.841490000000000071e-01
1.202730000000000049e-01
1.261220000000000119e-01
1.038929999999999992e-01
1.274079999999999935e-01
1.764070000000000082e-01
7.492400000000000448e-02
9.203799999999999482e-02
7.780800000000000216e-02
8.504399999999999460e-02
9.431799999999999906e-02
1.251889999999999947e-01
9.256000000000000338e-02
1.576180000000000081e-01
7.785300000000000553e-02
1.364420000000000077e-01
9.181300000000000572e-02
1.301360000000000017e-01
1.234650000000000053e-01
1.199429999999999941e-01
1.186419999999999975e-01
1.447620000000000018e-01
1.163440000000000030e-01
1.470039999999999958e-01
1.157979999999999982e-01
1.226710000000000023e-01
9.629899999999999571e-02
1.095789999999999959e-01
1.157409999999999967e-01
1.075590000000000018e-01
1.087919999999999998e-01
1.278189999999999882e-01
2.475990000000000135e-01
1.217000000000000026e-01
1.213290000000000063e-01
1.485150000000000081e-01
1.560870000000000035e-01
1.074689999999999951e-01
1.268690000000000095e-01
2.874789999999999845e-01
1.144259999999999999e-01
1.656829999999999969e-01
1.428750000000000020e-01
1.443139999999999978e-01
1.475100000000000022e-01
1.102250000000000035e-01
1.141469999999999985e-01
1.447309999999999985e-01
1.236059999999999937e-01
1.245109999999999967e-01
1.388169999999999960e-01
1.195989999999999970e-01
1.081649999999999973e-01
1.426459999999999950e-01
1.159479999999999955e-01
1.373570000000000069e-01
1.532590000000000063e-01
1.094500000000000056e-01
1.769590000000000052e-01
1.121260000000000034e-01
1.312909999999999910e-01
1.331930000000000058e-01
1.127039999999999986e-01
9.317000000000000282e-02
1.096089999999999981e-01
9.657699999999999618e-02
1.403510000000000035e-01
1.142139999999999961e-01
1.224770000000000025e-01
1.100089999999999957e-01
1.202970000000000012e-01
1.282699999999999951e-01
1.532459999999999933e-01
1.122879999999999989e-01
9.981099999999999695e-02
1.796389999999999931e-01
8.868600000000000094e-02
1.493510000000000115e-01
1.371189999999999909e-01
2.697180000000000133e-01
1.488470000000000071e-01
1.399279999999999968e-01
1.347760000000000069e-01
1.560890000000000055e-01
1.841379999999999961e-01
1.460730000000000084e-01
1.243609999999999993e-01
1.823940000000000006e-01
1.112810000000000049e-01
1.480750000000000122e-01
6.337209999999999788e-01
1.399370000000000058e-01
4.156549999999999967e-01
1.697110000000000007e-01
2.016529999999999989e-01
1.462809999999999944e-01
1.192259999999999986e-01
1.276019999999999932e-01
1.537600000000000078e-01
1.199899999999999994e-01
1.237810000000000021e-01
1.256200000000000094e-01
1.229689999999999950e-01
1.263569999999999971e-01
8.653900000000000481e-02
9.679400000000000504e-02
9.090700000000000169e-02
9.242000000000000215e-02
8.391200000000000048e-02
8.814299999999999913e-02
9.978199999999999570e-02
9.492799999999999849e-02
8.688700000000000589e-02
1.302230000000000054e-01
1.219490000000000018e-01
9.493200000000000249e-02
1.022910000000000069e-01
1.294760000000000078e-01
1.263509999999999911e-01
1.977700000000000014e-01
2.012140000000000040e-01
1.797090000000000076e-01
1.333330000000000071e-01
1.569579999999999864e-01
1.744709999999999872e-01
6.821159999999999446e-01
1.487769999999999926e-01
1.335880000000000123e-01
1.688989999999999936e-01
1.187639999999999946e-01
1.583309999999999995e-01
1.700260000000000105e-01
1.219309999999999977e-01
1.413129999999999942e-01
1.295989999999999920e-01
1.409539999999999960e-01
1.169499999999999984e-01
1.552669999999999884e-01
1.054279999999999939e-01
1.682379999999999987e-01
1.350480000000000014e-01
1.394749999999999879e-01
1.928120000000000112e-01
1.235229999999999939e-01
1.330469999999999986e-01
1.321720000000000117e-01
1.597750000000000004e-01
1.180549999999999933e-01
1.095109999999999972e-01
1.122230000000000033e-01
1.218579999999999941e-01
1.319869999999999932e-01
1.167689999999999978e-01
1.307109999999999939e-01
9.001699999999999979e-02
1.289079999999999948e-01
1.097100000000000020e-01
1.030940000000000051e-01
1.356610000000000038e-01
1.168570000000000025e-01
1.399242000000000097e+00
1.988080000000000125e-01
1.224947999999999926e+00
3.924699999999999855e-01
1.355459999999999998e-01
9.114590000000000192e-01
1.561089999999999978e-01
1.855179999999999885e-01
1.415879999999999916e-01
1.103159999999999974e-01
1.158470000000000055e-01
1.288950000000000096e-01
1.106400000000000022e-01
1.126339999999999980e-01
1.726239999999999997e-01
1.356479999999999908e-01
1.981159999999999866e-01
1.449570000000000025e-01
2.003199999999999981e-01
2.024569999999999981e-01
1.621239999999999903e-01
1.373709999999999931e-01
1.293489999999999918e-01
1.434560000000000002e-01
1.419009999999999994e-01
1.416360000000000119e-01
1.377140000000000031e-01
1.384610000000000007e-01
1.312450000000000006e-01
1.880779999999999952e-01
1.519389999999999907e-01
1.435589999999999922e-01
1.586750000000000105e-01
1.354809999999999903e-01
1.334650000000000003e-01
2.758479999999999821e-01
2.484315000000000051e+00
1.726239999999999997e-01
7.879950000000000010e-01
1.163819999999999993e-01
1.247140000000000054e-01
1.621160000000000101e-01
1.299949999999999994e-01
1.246479999999999949e-01
1.235379999999999950e-01
1.185620000000000007e-01
1.338689999999999880e-01
1.245269999999999988e-01
1.105040000000000050e-01
1.306450000000000111e-01
1.136299999999999949e-01
1.062199999999999950e-01
1.364900000000000002e-01
1.207720000000000043e-01
1.291410000000000058e-01
1.257139999999999924e-01
1.516430000000000000e-01
1.322750000000000037e-01
1.047740000000000060e-01
2.249549999999999883e-01
5.457070000000000531e-01
9.590600000000000513e-02
1.038489999999999969e-01
1.407700000000000062e-01
1.089920000000000055e-01
1.018489999999999951e-01
1.281299999999999939e-01
1.096950000000000008e-01
1.309410000000000018e-01
1.147190000000000015e-01
1.242639999999999995e-01
9.579500000000000515e-02
1.330909999999999871e-01
1.523130000000000039e-01
1.216779999999999945e-01
1.925679999999999892e-01
1.275350000000000095e-01
1.010260000000000047e-01
2.282770000000000077e-01
1.527509999999999979e-01
1.841279999999999861e-01
1.819769999999999999e-01
2.406419999999999948e-01
1.214910000000000018e-01
1.254159999999999997e-01
1.629059999999999953e-01
1.531579999999999886e-01
1.332679999999999976e-01
1.138269999999999976e-01
1.172160000000000007e-01
1.090480000000000060e-01
9.338599999999999679e-02
1.283890000000000031e-01
7.403400000000000258e-02
9.863199999999999745e-02
1.090229999999999949e-01
1.003269999999999995e-01
1.287399999999999933e-01
1.241629999999999956e-01
8.651599999999999568e-02
1.082660000000000011e-01
1.102540000000000048e-01
8.615899999999999948e-02
1.476419999999999955e-01
1.257429999999999937e-01
1.536530000000000118e-01
1.460730000000000084e-01
1.361489999999999922e-01
1.138040000000000024e-01
1.092100000000000015e-01
1.456369999999999887e-01
1.788780000000000092e-01
1.151849999999999957e-01
1.186517000000000044e+00
1.726709999999999912e-01
1.163089999999999957e-01
2.054779999999999940e-01
1.288940000000000086e-01
1.522070000000000090e-01
1.269510000000000083e-01
1.591519999999999879e-01
1.411860000000000059e-01
1.361519999999999953e-01
1.577689999999999926e-01
1.412100000000000022e-01
1.258640000000000037e-01
1.266750000000000098e-01
1.146390000000000048e-01
1.452410000000000090e-01
1.556089999999999973e-01
1.161220000000000030e-01
1.806270000000000098e-01
1.540449999999999875e-01
1.432140000000000080e-01
1.551780000000000104e-01
2.067940000000000056e-01
1.846230000000000093e-01
1.256520000000000137e-01
1.331229999999999913e-01
1.434799999999999964e-01
1.010660000000000031e-01
8.518799999999999983e-02
1.794719999999999926e-01
1.356130000000000113e-01
1.165349999999999997e-01
1.492842999999999920e+00
1.400879999999999903e-01
1.239859999999999990e-01
7.318620000000000125e-01
1.684170000000000111e-01
1.183789999999999981e-01
1.065040000000000014e-01
2.564029999999999920e-01
1.022900000000000059e-01
1.041009999999999991e-01
1.298719999999999875e-01
1.327429999999999999e-01
1.159550000000000025e-01
9.983100000000000307e-02
1.066769999999999941e-01
1.173759999999999942e-01
1.227670000000000011e-01
1.470789999999999875e-01
1.069709999999999966e-01
9.798900000000000665e-02
1.366469999999999907e-01
1.745819999999999872e-01
1.231970000000000010e-01
1.621960000000000068e-01
1.184309999999999946e-01
1.405679999999999985e-01
1.178469999999999934e-01
1.357170000000000043e-01
1.436139999999999917e-01
2.398720000000000019e-01
1.497979999999999867e-01
1.561259999999999870e-01
1.728669999999999929e-01
1.206269999999999981e-01
1.217639999999999972e-01
1.464610000000000078e-01
1.167750000000000038e-01
1.394050000000000011e-01
1.680619999999999892e-01
1.351690000000000114e-01
1.913430000000000131e-01
1.777130000000000098e-01
9.917800000000000227e-02
1.220799999999999941e-01
1.098319999999999991e-01
1.229689999999999950e-01
9.718300000000000549e-02
1.019209999999999977e-01
3.033310000000000173e-01
3.605689999999999729e-01
1.038319999999999937e-01
1.030480000000000007e-01
9.266499999999999737e-02
1.103770000000000029e-01
1.236769999999999953e-01
1.111410000000000037e-01
1.085870000000000030e-01
1.483879999999999921e-01
1.063599999999999962e-01
1.402529999999999888e-01
1.392629999999999979e-01
1.127689999999999942e-01
1.061010000000000009e-01
1.261899999999999966e-01
1.489749999999999963e-01
1.175329999999999986e-01
1.056880000000000042e-01
1.424749999999999905e-01
9.918100000000000527e-02
1.521129999999999982e-01
1.296329999999999982e-01
8.976399999999999657e-02
9.454600000000000504e-02
1.449660000000000115e-01
9.044199999999999462e-02
8.521399999999999808e-02
1.083820000000000061e-01
8.711199999999999499e-02
9.115600000000000092e-02
9.972899999999999820e-02
1.294009999999999883e-01
9.832699999999999774e-02
9.447800000000000642e-02
1.400849999999999873e-01
1.506629999999999914e-01
1.383800000000000030e-01
1.628310000000000035e-01
1.249920000000000059e-01
1.073059999999999986e-01
1.013860000000000039e-01
1.493810000000000138e-01
1.821190000000000031e-01
1.128740000000000021e-01
2.215930000000000122e-01
1.885120000000000129e-01
1.517999999999999905e-01
1.456040000000000112e-01
1.253299999999999970e-01
1.136879999999999974e-01
1.585870000000000057e-01
2.471289999999999876e-01
1.273229999999999917e-01
1.196959999999999968e-01
1.131159999999999943e-01
1.401989999999999903e-01
3.544160000000000088e-01
1.416280000000000039e-01
1.122179999999999983e-01
1.283779999999999921e-01
1.275759999999999950e-01
1.093800000000000050e-01
1.538130000000000053e-01
1.035459999999999992e-01
1.234110000000000068e-01
1.216870000000000035e-01
1.324660000000000004e-01
1.217609999999999942e-01
1.121980000000000061e-01
1.420369999999999966e-01
1.095480000000000065e-01
7.706830000000000069e-01
1.116489999999999982e-01
1.029479999999999978e-01
9.690100000000000102e-02
1.578630000000000033e-01
1.479870000000000074e-01
1.424769999999999925e-01
1.314099999999999990e-01
1.557949999999999890e-01
1.490219999999999878e-01
1.291460000000000108e-01
1.191200000000000037e-01
1.422960000000000058e-01
7.859499999999999820e-02
7.054100000000000648e-02
1.303650000000000087e-01
7.370400000000000562e-02
7.802299999999999514e-02
7.964000000000000246e-02
1.046900000000000053e-01
1.207076999999999956e+00
8.464800000000000102e-02
1.186090000000000061e-01
7.741800000000000070e-02
8.728199999999999847e-02
9.718300000000000549e-02
1.965030000000000110e-01
9.403100000000000347e-02
9.386899999999999411e-02
1.031490000000000046e-01
1.024100000000000010e-01
9.120799999999999741e-02
1.056070000000000064e-01
8.991799999999999793e-02
7.352300000000000502e-02
8.270199999999999774e-02
7.250500000000000000e-02
1.708300000000000096e-01
9.239300000000000290e-02
9.176399999999999835e-02
9.628499999999999559e-02
1.213779999999999998e-01
9.425899999999999557e-02
1.176269999999999954e-01
1.569089999999999929e-01
3.360159999999999814e-01
1.492900000000000060e-01
1.226959999999999995e-01
1.083620000000000000e-01
1.384990000000000110e-01
1.102660000000000029e-01
1.562520000000000020e-01
1.124269999999999992e-01
1.268130000000000090e-01
1.282280000000000086e-01
2.036119999999999874e-01
1.238090000000000024e-01
1.323229999999999962e-01
1.255499999999999949e-01
1.807729999999999893e-01
1.216079999999999939e-01
1.194230000000000014e-01
1.850130000000000108e-01
9.637999999999999345e-02
8.998000000000000442e-02
1.472219999999999918e-01
8.599400000000000099e-02
1.198879999999999946e-01
8.163199999999999623e-02
7.281100000000000072e-02
9.588700000000000001e-02
1.006950000000000067e-01
9.695700000000000152e-02
1.155010000000000064e-01
2.200550000000000006e-01
9.886200000000000543e-02
1.210939999999999933e-01
1.339629999999999987e-01
9.897000000000000242e-02
1.086600000000000066e-01
1.066529999999999978e-01
1.429272000000000098e+00
1.235099999999999948e-01
1.155570000000000069e-01
1.298269999999999980e-01
1.185910000000000020e-01
1.256099999999999994e-01
1.597389999999999921e-01
1.458800000000000097e-01
1.382019999999999915e-01
1.635540000000000049e-01
8.675599999999999978e-02
2.121030000000000137e-01
1.083839999999999942e-01
8.959399999999999309e-02
2.104840000000000044e-01
9.886599999999999555e-02
1.781079999999999885e-01
2.116429999999999978e-01
1.277619999999999867e-01
9.585200000000000664e-02
1.142589999999999995e-01
9.106000000000000205e-02
1.164739999999999942e-01
1.397970000000000046e-01
1.489679999999999893e-01
1.453109999999999957e-01
1.203059999999999963e-01
9.569800000000000528e-02
1.081759999999999944e-01
8.404799999999999771e-02
9.059399999999999398e-02
1.204080000000000011e-01
1.257749999999999979e-01
1.158499999999999946e-01
1.422239999999999893e-01
1.178270000000000012e-01
1.774040000000000061e-01
1.212950000000000000e-01
1.232570000000000054e-01
1.211630000000000068e-01
1.284520000000000106e-01
1.237520000000000009e-01
2.138220000000000121e-01
4.741159999999999819e-01
1.357599999999999918e-01
1.287709999999999966e-01
1.099249999999999949e-01
9.535599999999999632e-02
9.453400000000000691e-02
1.050910000000000039e-01
1.140189999999999954e-01
1.212939999999999990e-01
1.085819999999999980e-01
1.139590000000000047e-01
1.245629999999999932e-01
9.296100000000000196e-02
1.044690000000000063e-01
1.311569999999999958e-01
1.101749999999999952e-01
8.309199999999999919e-02
1.379239999999999911e-01
9.516399999999999859e-02
1.071799999999999975e-01
9.836000000000000298e-02
9.476600000000000301e-02
1.193649999999999989e-01
1.170459999999999973e-01
1.106479999999999964e-01
1.052690000000000015e-01
6.155041999999999902e+00
9.899299999999999766e-02
1.523980000000000057e-01
9.963700000000000334e-02
1.250269999999999992e-01
1.012850000000000000e-01
1.068670000000000037e-01
1.290739999999999943e-01
1.391900000000000082e-01
1.261770000000000114e-01
1.408290000000000097e-01
1.928179999999999894e-01
1.316460000000000130e-01
1.173970000000000014e-01
1.260539999999999994e-01
1.259280000000000121e-01
1.180299999999999960e-01
1.299710000000000032e-01
1.598779999999999923e-01
1.233009999999999939e-01
1.261120000000000019e-01
1.413459999999999994e-01
1.241160000000000041e-01
1.288259999999999961e-01
1.199619999999999992e-01
1.719980000000000120e-01
2.825369999999999826e-01
1.473299999999999887e-01
1.343199999999999950e-01
1.334839999999999915e-01
1.591430000000000067e-01
1.225689999999999974e-01
1.245919999999999944e-01
1.281569999999999931e-01
9.357000000000000040e-02
9.920800000000000451e-02
9.109100000000000530e-02
9.781099999999999517e-02
1.786500000000000032e-01
9.955129999999999812e-01
1.564429999999999987e-01
1.827330000000000065e-01
1.055409999999999959e-01
1.282679999999999931e-01
9.346999999999999753e-02
1.278590000000000004e-01
1.070220000000000060e-01
1.296390000000000042e-01
9.437600000000000156e-02
2.770130000000000092e-01
1.596180000000000099e-01
1.192489999999999939e-01
1.191580000000000000e-01
1.205869999999999997e-01
1.468140000000000001e-01
3.422370000000000134e-01
1.226880000000000054e-01
1.533390000000000031e-01
2.835559999999999747e-01
1.273269999999999957e-01
1.086950000000000000e-01
1.059049999999999991e-01
1.225300000000000000e-01
1.290600000000000080e-01
1.326980000000000104e-01
2.287750000000000061e-01
1.321479999999999877e-01
2.313050000000000106e-01
1.360750000000000015e-01
1.566829999999999889e-01
1.154980000000000034e-01
1.308769999999999933e-01
1.047450000000000048e-01
1.285999999999999921e-01
1.176829999999999959e-01
1.125789999999999985e-01
1.188069999999999959e-01
1.436449999999999949e-01
1.040900000000000020e-01
1.468009999999999871e-01
1.661860000000000004e-01
1.248149999999999954e-01
1.395089999999999941e-01
1.133090000000000069e-01
1.234750000000000014e-01
1.356310000000000016e-01
1.437769999999999881e-01
1.384700000000000097e-01
1.253950000000000065e-01
1.380389999999999950e-01
1.267060000000000131e-01
1.736669999999999880e-01
1.112149999999999944e-01
1.257719999999999949e-01
1.281140000000000057e-01
1.308330000000000048e-01
1.834659999999999902e-01
1.294200000000000073e-01
1.720899999999999930e-01
1.401759999999999950e-01
1.348320000000000074e-01
1.371759999999999924e-01
1.233120000000000049e-01
1.340270000000000072e-01
1.114539999999999975e-01
1.549679999999999946e-01
1.460569999999999924e-01
1.735029999999999906e-01
1.004020000000000051e-01
1.107279999999999931e-01
2.039140000000000119e-01
1.326690000000000091e-01
1.666489999999999916e-01
2.059950000000000114e-01
1.085860000000000020e-01
8.282100000000000573e-02
8.758100000000000607e-02
1.431890000000000107e-01
3.427459999999999951e-01
1.152330000000000021e-01
1.130039999999999933e-01
1.082960000000000034e-01
1.114509999999999945e-01
1.217109999999999997e-01
1.007119999999999960e-01
1.056359999999999938e-01
1.055279999999999968e-01
1.318699999999999872e-01
1.384700000000000097e-01
1.461270000000000069e-01
1.149540000000000006e-01
1.252419999999999922e-01
1.457090000000000052e-01
1.208079999999999987e-01
1.761469999999999980e-01
1.041099999999999942e-01
1.280779999999999974e-01
9.910199999999999565e-02
1.401020000000000043e-01
6.518960000000000310e-01
1.475579999999999947e-01
1.497199999999999920e-01
1.130410000000000026e-01
1.044199999999999989e-01
7.426270000000000371e-01
1.393719999999999959e-01
1.358890000000000098e-01
1.050289999999999974e-01
1.197199999999999931e-01
1.544879999999999864e-01
1.418870000000000131e-01
2.338909999999999878e-01
1.651789999999999925e-01
1.440939999999999999e-01
1.904760000000000064e-01
1.103210000000000024e-01
9.769799999999999318e-02
1.211600000000000038e-01
1.027649999999999952e-01
1.016180000000000000e-01
1.222099999999999992e-01
1.018310000000000048e-01
1.484719999999999929e-01
1.149649999999999977e-01
1.111049999999999954e-01
1.211929999999999952e-01
1.150999999999999940e-01
1.284140000000000004e-01
1.177350000000000063e-01
1.368840000000000057e-01
1.175110000000000043e-01
1.608620000000000050e-01
1.618120000000000114e-01
1.254500000000000060e-01
1.367269999999999874e-01
1.116589999999999944e-01
1.398619999999999863e-01
1.239529999999999937e-01
1.010289999999999938e-01
8.616749999999999687e-01
1.067059999999999953e-01
1.088940000000000047e-01
1.015370000000000023e-01
1.572909999999999864e-01
1.368999999999999939e-01
1.120889999999999942e-01
1.618829999999999991e-01
1.858090000000000019e-01
1.157659999999999939e-01
5.710349999999999593e-01
1.090860000000000024e-01
1.180120000000000058e-01
1.198189999999999950e-01
1.102599999999999969e-01
9.964870000000000116e-01
1.242510000000000003e-01
1.101530000000000009e-01
1.303100000000000092e-01
1.272780000000000022e-01
1.188690000000000024e-01
5.028529999999999944e-01
1.048039999999999944e-01
1.268593000000000082e+00
1.077349999999999974e-01
1.104429999999999995e-01
1.040930000000000050e-01
1.736729999999999940e-01
1.617220000000000046e-01
1.270219999999999960e-01
4.634789999999999743e-01
1.500029999999999974e-01
9.801700000000000690e-02
7.970690000000000275e-01
1.063989999999999936e-01
1.227039999999999936e-01
1.212759999999999949e-01
1.474119999999999875e-01
1.159440000000000054e-01
2.871989999999999821e-01
1.896210000000000118e-01
2.274690000000000045e-01
1.413580000000000114e-01
1.540259999999999962e-01
1.911329999999999973e-01
2.069570000000000021e-01
1.293870000000000020e-01
1.310880000000000101e-01
1.337710000000000010e-01
8.157300000000000662e-02
1.334009999999999918e-01
1.508220000000000116e-01
9.436899999999999455e-02
7.428999999999999493e-02
7.767400000000000693e-02
7.329199999999999604e-02
9.196699999999999320e-02
7.681499999999999440e-02
7.961300000000000321e-02
9.626800000000000634e-02
1.096499999999999975e-01
7.126200000000000589e-02
1.132250000000000062e-01
7.505399999999999572e-02
1.002829999999999971e-01
1.363370000000000137e-01
1.391219999999999957e-01
8.485274000000000427e+00
1.002760000000000040e-01
1.514250000000000040e-01
1.743730000000000002e-01
1.417090000000000016e-01
1.052949999999999997e-01
1.428530000000000078e-01
2.155569999999999986e-01
9.862999999999999545e-02
9.626600000000000434e-02
1.560819999999999985e-01
1.501939999999999942e-01
1.109959999999999974e-01
1.417269999999999919e-01
1.149740000000000067e-01
3.365150000000000086e-01
1.365139999999999965e-01
1.455569999999999919e-01
1.775629999999999986e-01
1.160280000000000061e-01
1.176269999999999954e-01
1.933390000000000108e-01
1.818180000000000074e-01
1.324760000000000104e-01
1.512229999999999963e-01
1.400460000000000038e-01
1.290709999999999913e-01
1.296889999999999987e-01
1.924919999999999964e-01
1.375510000000000066e-01
1.483629999999999949e-01
1.705639999999999934e-01
1.423359999999999903e-01
2.055740000000000067e-01
2.407335999999999920e+00
2.224591999999999903e+00
7.517470000000000541e-01
7.631235000000000213e+00
1.167009999999999992e-01
1.069569999999999965e-01
9.207302999999999571e+00
1.172720000000000012e-01
1.268600000000000005e-01
1.403719999999999968e-01
1.286460000000000103e-01
1.082069999999999976e-01
1.219879999999999992e-01
1.465190000000000103e-01
1.251510000000000122e-01
1.101749999999999952e-01
1.190139999999999948e-01
1.417200000000000126e-01
1.083920000000000022e-01
1.025039999999999979e-01
9.627600000000000047e-02
1.972540000000000127e-01
1.137859999999999983e-01
1.318290000000000017e-01
1.130530000000000007e-01
1.424729999999999885e-01
9.886399999999999355e-02
9.543899999999999606e-02
1.030959999999999932e-01
1.183820000000000011e-01
1.523309999999999942e-01
1.488289999999999891e-01
1.325379999999999892e-01
1.078719999999999957e-01
1.087560000000000054e-01
1.432489999999999875e-01
1.165019999999999945e-01
1.013310000000000044e-01
8.602200000000000124e-02
1.645939999999999903e-01
9.260599999999999388e-02
2.499840000000000118e-01
1.392730000000000079e-01
1.343880000000000075e-01
8.731300000000000172e-02
1.445460000000000078e-01
9.425200000000000244e-02
8.427400000000000169e-02
1.277880000000000127e-01
9.813500000000000001e-02
9.417200000000000570e-02
7.560899999999999566e-02
1.302790000000000059e-01
9.772699999999999443e-02
1.013280000000000014e-01
1.682099999999999984e-01
8.907900000000000540e-02
9.205299999999999594e-02
8.858399999999999608e-02
1.269550000000000123e-01
1.404420000000000113e-01
9.134299999999999364e-02
1.440589999999999926e-01
1.399279999999999968e-01
9.151700000000000113e-02
1.067850000000000049e-01
1.294480000000000075e-01
1.061629999999999935e-01
1.642440000000000011e-01
1.482150000000000134e-01
1.408179999999999987e-01
1.327119999999999966e-01
1.324390000000000012e-01
1.220159999999999995e-01
1.282609999999999861e-01
1.858869999999999967e-01
1.192759999999999931e-01
1.233879999999999977e-01
1.401610000000000078e-01
4.106850000000000223e-01
1.542070000000000107e-01
1.772859999999999991e-01
1.258930000000000049e-01
2.124129999999999907e-01
1.115820000000000006e-01
4.589260000000000006e-01
1.914369999999999961e-01
9.787700000000000566e-02
9.283199999999999785e-02
8.392199999999999660e-02
9.077999999999999958e-02
1.226850000000000024e-01
1.763089999999999935e-01
7.082700000000000107e-02
7.916600000000000026e-02
1.003079999999999944e-01
8.772299999999999542e-02
8.046499999999999486e-02
7.681200000000000527e-02
9.390800000000000536e-02
2.263249999999999984e-01
1.386999999999999900e-01
1.401749999999999940e-01
1.054979999999999946e-01
1.253319999999999990e-01
8.646749999999999714e-01
1.514900000000000135e-01
1.247670000000000029e-01
1.254079999999999917e-01
1.275999999999999912e-01
1.578930000000000056e-01
1.104920000000000069e-01
1.150599999999999956e-01
1.277840000000000087e-01
1.258100000000000052e-01
1.045419999999999960e-01
1.369460000000000122e-01
1.534590000000000121e-01
1.635159999999999947e-01
1.120209999999999956e-01
1.318610000000000060e-01
1.549109999999999931e-01
1.167929999999999940e-01
1.071590000000000042e-01
1.111449999999999938e-01
1.060659999999999936e-01
1.180100000000000038e-01
1.269450000000000023e-01
1.150090000000000001e-01
1.326779999999999904e-01
1.297750000000000015e-01
1.224289999999999962e-01
1.212970000000000020e-01
2.347029999999999950e-01
2.127570000000000017e-01
2.467479999999999951e-01
1.143990000000000007e-01
2.437719999999999887e-01
6.796929999999999916e-01
1.310479999999999978e-01
1.768260000000000109e-01
1.547810000000000019e-01
1.096730000000000066e-01
1.249230000000000063e-01
1.198069999999999968e-01
1.274440000000000017e-01
1.263380000000000059e-01
1.440240000000000131e-01
1.367230000000000112e-01
9.301700000000000246e-02
4.746870000000000256e-01
1.375629999999999908e-01
1.096430000000000043e-01
1.128399999999999959e-01
1.689690000000000081e-01
1.347649999999999959e-01
1.453599999999999892e-01
1.262230000000000019e-01
8.799200000000000077e-02
1.367970000000000019e-01
9.481299999999999450e-02
1.271400000000000030e-01
8.897700000000000053e-02
1.138450000000000017e-01
1.074240000000000056e-01
1.085610000000000047e-01
1.139720000000000039e-01
1.101810000000000012e-01
1.044830000000000064e-01
1.188160000000000049e-01
9.737400000000000222e-02
1.101850000000000052e-01
9.625400000000000622e-02
1.071610000000000062e-01
1.002579999999999999e-01
9.744400000000000284e-02
1.453409999999999980e-01
9.255800000000000138e-02
9.761300000000000532e-02
9.647899999999999532e-02
1.486709999999999976e-01
1.270070000000000088e-01
1.231899999999999940e-01
1.231209999999999943e-01
1.525539999999999952e-01
1.211099999999999954e-01
1.458039999999999892e-01
1.139479999999999937e-01
1.341890000000000027e-01
1.665280000000000094e-01
1.816810000000000092e-01
9.747999999999999721e-02
1.317059999999999897e-01
1.336859999999999993e-01
1.001979999999999954e-01
9.086400000000000032e-02
9.709099999999999675e-02
9.248900000000000177e-02
9.433800000000000519e-02
8.778600000000000292e-02
1.694229999999999903e-01
1.311890000000000001e-01
1.138750000000000040e-01
1.050449999999999995e-01
1.262359999999999871e-01
1.947240000000000082e-01
2.730090000000000017e-01
2.761649999999999938e-01
1.528390000000000026e-01
1.117309999999999970e-01
1.103729999999999989e-01
1.294379999999999975e-01
9.652299999999999769e-02
7.812700000000000200e-02
1.179029999999999939e-01
9.462500000000000078e-02
8.203900000000000081e-02
1.306869999999999976e-01
9.429600000000000481e-02
1.116160000000000069e-01
1.074630000000000030e-01
6.280980000000000452e-01
1.417589999999999961e-01
1.069060000000000010e-01
1.874989999999999990e-01
1.360679999999999945e-01
1.284450000000000036e-01
1.280030000000000057e-01
1.419380000000000086e-01
1.229390000000000066e-01
1.916170000000000095e-01
2.168200000000000127e-01
2.239180000000000059e-01
1.217079999999999967e-01
9.583400000000000252e-02
7.955500000000000071e-02
1.027860000000000024e-01
1.501619999999999899e-01
1.500350000000000017e-01
2.037490000000000134e-01
1.403330000000000133e-01
9.456499999999999628e-02
1.366159999999999874e-01
1.611700000000000077e-01
1.329579999999999929e-01
1.330590000000000106e-01
1.190989999999999965e-01
1.136889999999999984e-01
9.019699999999999940e-02
1.351610000000000034e-01
1.449139999999999873e-01
2.136339999999999906e-01
3.402339999999999809e-01
1.372089999999999976e-01
1.273029999999999995e-01
1.311589999999999978e-01
1.446230000000000016e-01
1.365099999999999925e-01
1.503909999999999969e-01
3.676050000000000151e-01
1.223849999999999938e-01
2.467499999999999971e-01
1.458409999999999984e-01
1.285280000000000034e-01
1.709600000000000009e-01
1.470319999999999960e-01
1.203909999999999980e-01
1.146940000000000043e-01
1.318120000000000125e-01
3.084439999999999960e-01
1.407110000000000027e-01
2.885179999999999967e-01
1.349819999999999909e-01
1.191220000000000057e-01
1.554379999999999928e-01
1.467320000000000013e-01
1.477140000000000120e-01
1.263789999999999913e-01
1.130280000000000035e-01
1.487370000000000081e-01
1.201539999999999969e-01
9.055299999999999461e-02
1.349579999999999946e-01
1.901869999999999949e-01
2.247339999999999893e-01
1.468299999999999883e-01
1.948179999999999912e-01
1.333660000000000123e-01
1.536949999999999983e-01
2.355069999999999941e-01
1.518670000000000020e-01
1.362250000000000127e-01
3.793610000000000038e-01
1.299980000000000024e-01
1.233690000000000064e-01
1.208479999999999971e-01
1.484489999999999976e-01
1.445410000000000028e-01
1.145229999999999998e-01
1.535710000000000131e-01
1.299309999999999909e-01
1.323890000000000067e-01
1.414519999999999944e-01
1.218510000000000010e-01
1.852803999999999895e+00
1.494000000000000050e-01
1.166689999999999949e-01
1.226389999999999980e-01
1.374569999999999959e-01
1.481860000000000122e-01
1.269869999999999888e-01
1.240160000000000012e-01
1.401040000000000063e-01
1.569000000000000117e-01
1.531839999999999868e-01
1.347129999999999994e-01
1.555090000000000083e-01
1.562449999999999950e-01
1.189240000000000019e-01
1.319390000000000007e-01
1.086479999999999946e-01
1.310389999999999888e-01
1.176060000000000022e-01
1.906160000000000077e-01
1.235460000000000030e-01
1.001589999999999980e-01
9.110600000000000642e-02
9.085300000000000320e-02
4.561169999999999947e-01
7.457600000000000340e-02
8.392900000000000360e-02
1.646150000000000113e-01
3.998950000000000005e-01
1.176070000000000032e-01
1.746040000000000092e-01
8.730999999999999872e-02
5.687229999999999785e-01
8.957500000000000184e-02
1.318560000000000010e-01
1.153649999999999953e-01
1.471550000000000080e-01
8.674700000000000466e-02
8.726599999999999635e-02
1.050589999999999996e-01
1.728530000000000066e-01
9.347600000000000353e-02
9.180099999999999372e-02
7.274100000000000010e-02
3.005929999999999991e-01
1.229039999999999994e-01
1.218290000000000067e-01
9.353100000000000303e-02
1.180439999999999962e-01
1.088038999999999978e+00
9.216699999999999893e-02
9.162399999999999711e-02
1.123500000000000054e-01
9.691500000000000115e-02
1.166190000000000004e-01
1.034739999999999965e-01
1.105539999999999995e-01
1.415839999999999876e-01
1.270540000000000003e-01
1.118380000000000069e-01
1.296400000000000052e-01
1.603070000000000050e-01
1.237179999999999946e-01
1.044260000000000049e-01
1.271490000000000120e-01
1.348000000000000032e-01
1.364750000000000130e-01
1.234149999999999969e-01
1.454719999999999902e-01
1.291569999999999940e-01
1.605769999999999975e-01
1.446669999999999900e-01
1.363659999999999872e-01
1.309059999999999946e-01
1.682819999999999871e-01
1.382190000000000085e-01
1.418000000000000094e-01
1.842080000000000106e-01
1.117520000000000041e-01
1.188509999999999983e-01
1.565739999999999910e-01
1.865749999999999909e-01
1.045790000000000053e-01
1.298040000000000027e-01
1.033560000000000034e-01
1.032769999999999938e-01
1.734680000000000111e-01
8.497220000000000439e+00
1.462390000000000079e-01
1.065579999999999999e-01
1.476020000000000110e-01
1.248129999999999934e-01
1.282149999999999956e-01
1.291319999999999968e-01
1.225340000000000040e-01
9.549299999999999455e-02
9.924499999999999988e-02
1.657029999999999892e-01
1.816039999999999877e-01
1.310080000000000133e-01
1.314379999999999993e-01
1.442489999999999883e-01
1.489060000000000106e-01
2.045710000000000028e-01
1.528539999999999899e-01
9.357400000000000440e-02
9.358500000000000152e-02
8.723499999999999310e-02
8.774800000000000655e-02
1.357949999999999990e-01
1.074070000000000025e-01
1.398389999999999911e-01
1.845809999999999951e-01
1.303449999999999886e-01
1.264339999999999908e-01
1.308960000000000123e-01
1.590640000000000109e-01
1.519949999999999912e-01
1.840350000000000041e-01
1.181419999999999970e-01
1.037030000000000035e-01
1.118529999999999941e-01
9.309599999999999820e-02
1.579369999999999941e-01
3.914750000000000174e-01
1.810329999999999995e-01
1.352399999999999991e-01
1.010080000000000006e-01
1.167480000000000046e-01
7.383610000000000451e-01
9.919699999999999351e-02
1.051890000000000047e-01
1.402799999999999880e-01
1.513720000000000065e-01
1.271690000000000043e-01
9.701700000000000601e-02
1.693790000000000018e-01
1.510189999999999866e-01
1.054380000000000039e-01
1.205760000000000026e-01
1.039319999999999966e-01
1.086229999999999973e-01
1.084360000000000046e-01
1.490049999999999986e-01
1.061809999999999976e-01
1.115840000000000026e-01
1.343050000000000077e-01
1.214469999999999994e-01
1.044859999999999955e-01
1.228810000000000041e-01
1.148710000000000009e-01
7.587099999999999400e-02
8.896800000000000541e-02
1.150410000000000044e-01
1.037460000000000049e-01
8.530200000000000282e-02
8.539099999999999469e-02
1.150850000000000067e-01
1.421640000000000126e-01
1.315830000000000055e-01
9.849299999999999722e-02
1.184930000000000011e-01
1.140380000000000005e-01
7.769099999999999617e-02
9.227100000000000579e-02
1.055939999999999934e-01
1.505400000000000071e-01
1.079309999999999992e-01
1.016669999999999935e-01
1.730009999999999881e-01
1.638590000000000046e-01
1.237410000000000038e-01
1.345939999999999914e-01
1.875880000000000047e-01
1.935260000000000036e-01
2.787729999999999930e-01
1.770029999999999937e-01
2.059719999999999884e-01
1.470519999999999883e-01
1.127039999999999986e-01
1.939740000000000075e-01
1.621390000000000053e-01
1.616150000000000087e-01
1.289639999999999953e-01
1.055419999999999969e-01
1.753709999999999991e-01
1.349299999999999944e-01
1.282119999999999926e-01
1.350040000000000129e-01
1.787880000000000025e-01
2.668125999999999998e+00
1.237189999999999956e-01
1.334950000000000025e-01
1.329480000000000106e-01
1.520130000000000092e-01
1.381080000000000085e-01
1.427990000000000093e-01
1.257169999999999954e-01
1.240330000000000044e-01
3.171070000000000277e-01
1.206259999999999971e-01
1.513230000000000131e-01
2.975820000000000132e-01
1.405569999999999875e-01
1.700929999999999942e-01
1.252870000000000095e-01
1.603719999999999868e-01
1.266919999999999991e-01
1.119239999999999957e-01
1.514590000000000103e-01
1.418810000000000071e-01
1.147829999999999961e-01
1.111879999999999952e-01
1.211030000000000023e-01
1.320159999999999945e-01
1.297429999999999972e-01
6.736900000000000110e-01
1.072789999999999994e-01
1.036220000000000058e-01
1.166220000000000034e-01
1.166719999999999979e-01
2.142169999999999908e-01
1.561420000000000030e-01
2.789090000000000180e-01
1.258890000000000009e-01
1.050480000000000025e-01
1.124460000000000043e-01
2.921750000000000180e-01
1.181330000000000019e-01
1.983439999999999925e-01
1.330890000000000128e-01
2.051610000000000100e-01
2.340820000000000123e-01
2.407130000000000103e-01
1.992539999999999867e-01
1.340059999999999862e-01
1.366010000000000002e-01
2.325250000000000095e-01
1.888279999999999959e-01
1.923509999999999942e-01
2.532570000000000099e-01
1.133249999999999952e-01
1.247710000000000069e-01
1.237800000000000011e-01
1.447160000000000113e-01
1.376819999999999988e-01
1.263350000000000029e-01
1.235139999999999988e-01
1.155260000000000037e-01
2.009319999999999995e-01
1.257139999999999924e-01
4.605799999999999894e-01
1.343080000000000107e-01
1.218039999999999956e-01
1.245060000000000056e-01
1.745170000000000055e-01
1.935530000000000028e-01
2.142129999999999868e-01
9.853099999999999359e-02
1.064220000000000027e-01
1.077540000000000026e-01
1.408260000000000067e-01
1.101059999999999955e-01
9.393500000000000461e-02
1.057810000000000000e-01
2.178150000000000086e-01
1.027119999999999977e-01
9.840300000000000435e-02
3.191780000000000173e-01
2.274090000000000000e-01
7.113209999999999811e-01
9.797799999999999565e-02
5.607760000000000522e-01
1.074859999999999982e-01
1.087169999999999942e-01
1.334740000000000093e-01
1.148239999999999955e-01
1.476439999999999975e-01
8.614622999999999919e+00
1.357649999999999968e-01
1.162210000000000049e-01
1.215549999999999964e-01
1.516659999999999953e-01
5.355760000000000520e-01
1.099320000000000019e-01
1.265969999999999873e-01
1.245200000000000057e-01
1.420440000000000036e-01
1.236769999999999953e-01
1.062659999999999993e-01
1.362819999999999865e-01
1.525539999999999952e-01
1.749080000000000079e-01
1.311259999999999926e-01
1.805839999999999945e-01
1.432229999999999892e-01
1.016050000000000009e-01
1.188659999999999994e-01
9.053999999999999548e-02
9.191299999999999470e-02
1.661489999999999911e-01
9.426199999999999857e-02
9.645099999999999507e-02
2.818450000000000122e-01
1.734350000000000058e-01
1.645409999999999928e-01
1.460780000000000134e-01
1.498240000000000127e-01
1.134020000000000028e-01
1.706940000000000124e-01
1.028280000000000027e-01
1.337750000000000050e-01
1.119020000000000015e-01
1.082820000000000032e-01
1.137760000000000021e-01
1.699009999999999965e-01
1.326390000000000069e-01
1.373219999999999996e-01
1.508450000000000069e-01
1.614980000000000027e-01
1.360709999999999975e-01
1.362389999999999990e-01
1.746890000000000109e-01
8.328109999999999680e-01
1.466500000000000026e-01
1.508019999999999916e-01
4.822499999999999787e+00
1.781320000000000126e-01
1.332099999999999951e-01
1.362740000000000062e-01
1.331630000000000036e-01
9.658100000000000018e-02
