2.743000000000000000e+03
2.743000000000000000e+03
9.220000000000000000e+02
9.220000000000000000e+02
1.486000000000000000e+03
1.486000000000000000e+03
1.486000000000000000e+03
1.681000000000000000e+03
1.935000000000000000e+03
1.681000000000000000e+03
1.935000000000000000e+03
1.681000000000000000e+03
1.935000000000000000e+03
9.100000000000000000e+02
9.100000000000000000e+02
1.687000000000000000e+03
1.687000000000000000e+03
1.074000000000000000e+03
9.000000000000000000e+02
1.322000000000000000e+03
1.406000000000000000e+03
2.230000000000000000e+03
2.342000000000000000e+03
2.342000000000000000e+03
1.406000000000000000e+03
2.230000000000000000e+03
1.153000000000000000e+03
1.125000000000000000e+03
1.125000000000000000e+03
3.641000000000000000e+03
1.687000000000000000e+03
1.687000000000000000e+03
9.200000000000000000e+02
9.240000000000000000e+02
1.659000000000000000e+03
9.240000000000000000e+02
1.387000000000000000e+03
1.387000000000000000e+03
1.387000000000000000e+03
1.153000000000000000e+03
1.153000000000000000e+03
1.218000000000000000e+03
1.218000000000000000e+03
1.912000000000000000e+03
8.430000000000000000e+02
1.957000000000000000e+03
7.060000000000000000e+02
1.758000000000000000e+03
2.512000000000000000e+03
2.512000000000000000e+03
1.297000000000000000e+03
1.297000000000000000e+03
1.456000000000000000e+03
1.703000000000000000e+03
1.703000000000000000e+03
1.838000000000000000e+03
3.113000000000000000e+03
3.113000000000000000e+03
8.860000000000000000e+02
1.203000000000000000e+03
2.305000000000000000e+03
2.305000000000000000e+03
1.600000000000000000e+03
1.724000000000000000e+03
1.456000000000000000e+03
2.023000000000000000e+03
1.456000000000000000e+03
1.724000000000000000e+03
1.456000000000000000e+03
1.724000000000000000e+03
2.023000000000000000e+03
1.600000000000000000e+03
2.023000000000000000e+03
1.600000000000000000e+03
1.617000000000000000e+03
1.617000000000000000e+03
1.617000000000000000e+03
1.143000000000000000e+03
1.317000000000000000e+03
1.315000000000000000e+03
1.315000000000000000e+03
1.317000000000000000e+03
1.104000000000000000e+03
1.037000000000000000e+03
1.104000000000000000e+03
1.037000000000000000e+03
1.774000000000000000e+03
2.149000000000000000e+03
1.774000000000000000e+03
2.149000000000000000e+03
1.774000000000000000e+03
2.149000000000000000e+03
7.790000000000000000e+02
1.109000000000000000e+03
1.239000000000000000e+03
1.062000000000000000e+03
1.062000000000000000e+03
1.239000000000000000e+03
1.127000000000000000e+03
1.990000000000000000e+03
2.053000000000000000e+03
2.053000000000000000e+03
1.990000000000000000e+03
1.304000000000000000e+03
1.650000000000000000e+03
1.277000000000000000e+03
2.110000000000000000e+03
2.183000000000000000e+03
2.183000000000000000e+03
2.110000000000000000e+03
2.183000000000000000e+03
2.110000000000000000e+03
1.022000000000000000e+03
1.022000000000000000e+03
1.518000000000000000e+03
1.518000000000000000e+03
8.260000000000000000e+02
8.260000000000000000e+02
1.111000000000000000e+03
1.008000000000000000e+03
1.228000000000000000e+03
1.111000000000000000e+03
1.008000000000000000e+03
1.228000000000000000e+03
1.028000000000000000e+03
1.049000000000000000e+03
1.028000000000000000e+03
1.049000000000000000e+03
2.636000000000000000e+03
2.636000000000000000e+03
8.010000000000000000e+02
8.010000000000000000e+02
1.092000000000000000e+03
1.000000000000000000e+03
9.100000000000000000e+02
8.940000000000000000e+02
9.140000000000000000e+02
9.140000000000000000e+02
8.110000000000000000e+02
8.110000000000000000e+02
1.793000000000000000e+03
1.793000000000000000e+03
1.578000000000000000e+03
1.578000000000000000e+03
1.544000000000000000e+03
1.949000000000000000e+03
1.911000000000000000e+03
2.877000000000000000e+03
1.949000000000000000e+03
1.911000000000000000e+03
1.949000000000000000e+03
1.911000000000000000e+03
2.877000000000000000e+03
1.078000000000000000e+03
1.078000000000000000e+03
1.253000000000000000e+03
1.253000000000000000e+03
1.179000000000000000e+03
2.300000000000000000e+03
1.149000000000000000e+03
1.149000000000000000e+03
9.530000000000000000e+02
9.530000000000000000e+02
1.667000000000000000e+03
2.185000000000000000e+03
1.667000000000000000e+03
2.185000000000000000e+03
1.289000000000000000e+03
1.289000000000000000e+03
1.604000000000000000e+03
1.604000000000000000e+03
2.089000000000000000e+03
2.089000000000000000e+03
1.145000000000000000e+03
1.145000000000000000e+03
1.214000000000000000e+03
1.214000000000000000e+03
9.420000000000000000e+02
9.420000000000000000e+02
1.256000000000000000e+03
1.256000000000000000e+03
1.256000000000000000e+03
1.180000000000000000e+03
1.180000000000000000e+03
8.530000000000000000e+02
8.530000000000000000e+02
1.066000000000000000e+03
1.066000000000000000e+03
6.460000000000000000e+02
9.220000000000000000e+02
6.460000000000000000e+02
9.220000000000000000e+02
6.150000000000000000e+02
1.042000000000000000e+03
1.257000000000000000e+03
1.042000000000000000e+03
1.257000000000000000e+03
1.113000000000000000e+03
1.113000000000000000e+03
3.629000000000000000e+03
9.470000000000000000e+02
1.071000000000000000e+03
9.900000000000000000e+02
1.195000000000000000e+03
1.638000000000000000e+03
1.638000000000000000e+03
2.170000000000000000e+03
2.025000000000000000e+03
2.025000000000000000e+03
9.970000000000000000e+02
9.970000000000000000e+02
1.172000000000000000e+03
1.172000000000000000e+03
1.209000000000000000e+03
7.430000000000000000e+02
1.209000000000000000e+03
7.430000000000000000e+02
2.230000000000000000e+03
1.006000000000000000e+03
1.483000000000000000e+03
1.006000000000000000e+03
2.783000000000000000e+03
1.483000000000000000e+03
2.783000000000000000e+03
1.379000000000000000e+03
1.238000000000000000e+03
1.769000000000000000e+03
1.769000000000000000e+03
1.800000000000000000e+03
1.800000000000000000e+03
2.064000000000000000e+03
2.155000000000000000e+03
1.794000000000000000e+03
2.064000000000000000e+03
2.155000000000000000e+03
1.794000000000000000e+03
1.205000000000000000e+03
1.336000000000000000e+03
1.329000000000000000e+03
1.336000000000000000e+03
2.068000000000000000e+03
2.344000000000000000e+03
1.205000000000000000e+03
1.329000000000000000e+03
2.068000000000000000e+03
2.344000000000000000e+03
1.308000000000000000e+03
1.308000000000000000e+03
1.067000000000000000e+03
9.710000000000000000e+02
1.352000000000000000e+03
1.338000000000000000e+03
1.338000000000000000e+03
1.338000000000000000e+03
1.056000000000000000e+03
3.216000000000000000e+03
3.225000000000000000e+03
7.658000000000000000e+03
3.216000000000000000e+03
3.225000000000000000e+03
7.658000000000000000e+03
2.123000000000000000e+03
2.123000000000000000e+03
1.709000000000000000e+03
1.996000000000000000e+03
1.709000000000000000e+03
1.996000000000000000e+03
1.688000000000000000e+03
1.688000000000000000e+03
1.520000000000000000e+03
2.054000000000000000e+03
1.136000000000000000e+03
1.655000000000000000e+03
1.166000000000000000e+03
1.166000000000000000e+03
1.932000000000000000e+03
1.932000000000000000e+03
1.559000000000000000e+03
1.237000000000000000e+03
1.559000000000000000e+03
1.237000000000000000e+03
1.254000000000000000e+03
1.254000000000000000e+03
1.398000000000000000e+03
1.398000000000000000e+03
7.580000000000000000e+02
8.680000000000000000e+02
1.152000000000000000e+03
1.152000000000000000e+03
1.152000000000000000e+03
1.826000000000000000e+03
1.826000000000000000e+03
1.285000000000000000e+03
1.985000000000000000e+03
2.051000000000000000e+03
1.947000000000000000e+03
1.947000000000000000e+03
2.051000000000000000e+03
1.985000000000000000e+03
1.803000000000000000e+03
1.879000000000000000e+03
1.803000000000000000e+03
1.879000000000000000e+03
8.330000000000000000e+02
2.478000000000000000e+03
1.196000000000000000e+03
1.196000000000000000e+03
1.787000000000000000e+03
2.764000000000000000e+03
1.026000000000000000e+03
1.026000000000000000e+03
1.026000000000000000e+03
2.037000000000000000e+03
2.037000000000000000e+03
1.726000000000000000e+03
1.017000000000000000e+03
1.726000000000000000e+03
1.017000000000000000e+03
1.017000000000000000e+03
1.472000000000000000e+03
2.830000000000000000e+03
2.830000000000000000e+03
1.245000000000000000e+03
1.245000000000000000e+03
1.590000000000000000e+03
7.960000000000000000e+02
1.005000000000000000e+03
1.005000000000000000e+03
1.661000000000000000e+03
1.661000000000000000e+03
1.844000000000000000e+03
2.372000000000000000e+03
1.844000000000000000e+03
2.372000000000000000e+03
1.139000000000000000e+03
1.077000000000000000e+03
1.954000000000000000e+03
1.395000000000000000e+03
3.567000000000000000e+03
3.567000000000000000e+03
1.018000000000000000e+03
1.018000000000000000e+03
2.741000000000000000e+03
2.741000000000000000e+03
1.117000000000000000e+03
1.998000000000000000e+03
2.042000000000000000e+03
1.571000000000000000e+03
1.998000000000000000e+03
2.042000000000000000e+03
1.571000000000000000e+03
1.525000000000000000e+03
7.850000000000000000e+02
6.600000000000000000e+02
7.850000000000000000e+02
6.600000000000000000e+02
1.390000000000000000e+03
1.108000000000000000e+03
1.111100000000000000e+04
9.724000000000000000e+03
1.111100000000000000e+04
9.724000000000000000e+03
1.462000000000000000e+03
1.683000000000000000e+03
1.552000000000000000e+03
1.462000000000000000e+03
1.683000000000000000e+03
1.552000000000000000e+03
1.462000000000000000e+03
1.683000000000000000e+03
2.404000000000000000e+03
1.388000000000000000e+03
1.388000000000000000e+03
8.510000000000000000e+02
9.840000000000000000e+02
9.840000000000000000e+02
8.510000000000000000e+02
8.550000000000000000e+02
8.550000000000000000e+02
1.686000000000000000e+03
1.936000000000000000e+03
1.936000000000000000e+03
5.156000000000000000e+03
1.258000000000000000e+03
1.380000000000000000e+03
1.404000000000000000e+03
1.380000000000000000e+03
1.404000000000000000e+03
1.404000000000000000e+03
1.258000000000000000e+03
1.728000000000000000e+03
1.728000000000000000e+03
1.047000000000000000e+03
1.166000000000000000e+03
8.990000000000000000e+02
4.861000000000000000e+03
4.861000000000000000e+03
4.083000000000000000e+03
4.083000000000000000e+03
4.083000000000000000e+03
1.291000000000000000e+03
1.291000000000000000e+03
1.702000000000000000e+03
1.702000000000000000e+03
1.270000000000000000e+03
1.404000000000000000e+03
1.159000000000000000e+03
1.404000000000000000e+03
1.159000000000000000e+03
1.404000000000000000e+03
1.270000000000000000e+03
1.159000000000000000e+03
1.270000000000000000e+03
8.890000000000000000e+02
8.890000000000000000e+02
1.737000000000000000e+03
1.737000000000000000e+03
1.150000000000000000e+03
1.150000000000000000e+03
1.744000000000000000e+03
1.744000000000000000e+03
9.990000000000000000e+02
9.990000000000000000e+02
2.037000000000000000e+03
2.037000000000000000e+03
1.305000000000000000e+03
1.305000000000000000e+03
8.190000000000000000e+02
1.700000000000000000e+03
1.066000000000000000e+03
1.240000000000000000e+03
1.066000000000000000e+03
1.240000000000000000e+03
1.375000000000000000e+03
1.375000000000000000e+03
1.072000000000000000e+03
1.540000000000000000e+03
2.451000000000000000e+03
1.540000000000000000e+03
1.540000000000000000e+03
2.451000000000000000e+03
2.451000000000000000e+03
1.245000000000000000e+03
1.053000000000000000e+03
7.800000000000000000e+02
1.355000000000000000e+03
7.800000000000000000e+02
1.355000000000000000e+03
1.572000000000000000e+03
1.572000000000000000e+03
2.494000000000000000e+03
7.910000000000000000e+02
1.214000000000000000e+03
7.910000000000000000e+02
1.214000000000000000e+03
9.830000000000000000e+02
8.430000000000000000e+02
9.830000000000000000e+02
8.430000000000000000e+02
1.879000000000000000e+03
1.381000000000000000e+03
1.381000000000000000e+03
1.404000000000000000e+03
1.225000000000000000e+03
3.435000000000000000e+03
1.225000000000000000e+03
3.435000000000000000e+03
2.861000000000000000e+03
7.840000000000000000e+02
9.480000000000000000e+02
1.337000000000000000e+03
9.460000000000000000e+02
1.751000000000000000e+03
1.751000000000000000e+03
8.560000000000000000e+02
1.188000000000000000e+03
1.188000000000000000e+03
1.103000000000000000e+03
1.030000000000000000e+03
1.103000000000000000e+03
1.030000000000000000e+03
1.139000000000000000e+03
1.139000000000000000e+03
1.287000000000000000e+03
1.241000000000000000e+03
1.621000000000000000e+03
1.241000000000000000e+03
1.621000000000000000e+03
1.287000000000000000e+03
9.310000000000000000e+02
9.310000000000000000e+02
1.177000000000000000e+03
1.177000000000000000e+03
1.022000000000000000e+03
1.120000000000000000e+03
1.120000000000000000e+03
9.090000000000000000e+02
9.090000000000000000e+02
9.620000000000000000e+02
1.804000000000000000e+03
1.335000000000000000e+03
9.620000000000000000e+02
8.870000000000000000e+02
1.804000000000000000e+03
1.335000000000000000e+03
8.870000000000000000e+02
1.101000000000000000e+03
1.085000000000000000e+03
1.275000000000000000e+03
1.275000000000000000e+03
1.453000000000000000e+03
1.453000000000000000e+03
8.920000000000000000e+02
1.758000000000000000e+03
1.776000000000000000e+03
1.558000000000000000e+03
1.752000000000000000e+03
1.558000000000000000e+03
1.776000000000000000e+03
1.752000000000000000e+03
1.776000000000000000e+03
1.752000000000000000e+03
1.193000000000000000e+03
1.320000000000000000e+03
1.237000000000000000e+03
1.320000000000000000e+03
1.193000000000000000e+03
1.237000000000000000e+03
1.228000000000000000e+03
1.228000000000000000e+03
1.164000000000000000e+03
1.244000000000000000e+03
2.023000000000000000e+03
2.586000000000000000e+03
3.447000000000000000e+03
2.586000000000000000e+03
3.447000000000000000e+03
2.142000000000000000e+03
2.142000000000000000e+03
2.837000000000000000e+03
1.296000000000000000e+03
1.399000000000000000e+03
1.296000000000000000e+03
1.399000000000000000e+03
1.240000000000000000e+03
1.209000000000000000e+03
1.240000000000000000e+03
1.240000000000000000e+03
1.209000000000000000e+03
1.076000000000000000e+03
1.076000000000000000e+03
2.047000000000000000e+03
1.995000000000000000e+03
1.995000000000000000e+03
1.191000000000000000e+03
1.723000000000000000e+03
2.047000000000000000e+03
1.191000000000000000e+03
1.723000000000000000e+03
7.640000000000000000e+02
7.640000000000000000e+02
9.220000000000000000e+02
1.232000000000000000e+03
1.232000000000000000e+03
9.220000000000000000e+02
1.255000000000000000e+03
1.255000000000000000e+03
1.255000000000000000e+03
1.283000000000000000e+03
9.840000000000000000e+02
9.840000000000000000e+02
1.762000000000000000e+03
2.967000000000000000e+03
1.762000000000000000e+03
2.967000000000000000e+03
6.530000000000000000e+02
6.530000000000000000e+02
9.940000000000000000e+02
9.940000000000000000e+02
1.171000000000000000e+03
1.171000000000000000e+03
1.367000000000000000e+03
1.367000000000000000e+03
1.042000000000000000e+03
1.415000000000000000e+03
1.880000000000000000e+03
9.000000000000000000e+02
9.000000000000000000e+02
1.209000000000000000e+03
1.209000000000000000e+03
1.176000000000000000e+03
1.216000000000000000e+03
1.216000000000000000e+03
6.730000000000000000e+02
6.730000000000000000e+02
3.392000000000000000e+03
4.079000000000000000e+03
3.392000000000000000e+03
4.079000000000000000e+03
1.222000000000000000e+03
2.115000000000000000e+03
2.115000000000000000e+03
2.063000000000000000e+03
2.063000000000000000e+03
1.323000000000000000e+03
1.770000000000000000e+03
1.701000000000000000e+03
1.770000000000000000e+03
1.701000000000000000e+03
2.069000000000000000e+03
2.069000000000000000e+03
7.630000000000000000e+02
1.294000000000000000e+03
1.453000000000000000e+03
1.294000000000000000e+03
1.453000000000000000e+03
1.294000000000000000e+03
1.453000000000000000e+03
1.244000000000000000e+03
2.256000000000000000e+03
1.532000000000000000e+03
1.532000000000000000e+03
2.256000000000000000e+03
1.532000000000000000e+03
1.532000000000000000e+03
1.532000000000000000e+03
1.566000000000000000e+03
1.597000000000000000e+03
1.566000000000000000e+03
1.597000000000000000e+03
1.463000000000000000e+03
2.261000000000000000e+03
6.421000000000000000e+03
6.421000000000000000e+03
2.006000000000000000e+03
1.521000000000000000e+03
1.658000000000000000e+03
1.521000000000000000e+03
1.658000000000000000e+03
2.063000000000000000e+03
3.160000000000000000e+03
1.629000000000000000e+03
3.461000000000000000e+03
1.629000000000000000e+03
1.043000000000000000e+03
1.043000000000000000e+03
1.049000000000000000e+03
1.834000000000000000e+03
1.834000000000000000e+03
1.305000000000000000e+03
1.682000000000000000e+03
1.305000000000000000e+03
1.682000000000000000e+03
8.950000000000000000e+02
1.423000000000000000e+03
8.950000000000000000e+02
1.423000000000000000e+03
1.423000000000000000e+03
1.628000000000000000e+03
1.634000000000000000e+03
1.628000000000000000e+03
1.634000000000000000e+03
1.187000000000000000e+03
1.187000000000000000e+03
1.149000000000000000e+03
1.149000000000000000e+03
1.564000000000000000e+03
1.376000000000000000e+03
1.376000000000000000e+03
1.495000000000000000e+03
1.184000000000000000e+03
1.675000000000000000e+03
1.184000000000000000e+03
1.675000000000000000e+03
1.234000000000000000e+03
1.234000000000000000e+03
4.354000000000000000e+03
4.354000000000000000e+03
1.177000000000000000e+03
1.177000000000000000e+03
1.425000000000000000e+03
1.425000000000000000e+03
8.410000000000000000e+02
1.406000000000000000e+03
8.410000000000000000e+02
1.406000000000000000e+03
1.249000000000000000e+03
1.766000000000000000e+03
1.249000000000000000e+03
1.766000000000000000e+03
1.281000000000000000e+03
1.281000000000000000e+03
8.700000000000000000e+02
9.300000000000000000e+02
9.300000000000000000e+02
8.700000000000000000e+02
9.300000000000000000e+02
1.667000000000000000e+03
1.268000000000000000e+03
1.268000000000000000e+03
2.148000000000000000e+03
2.148000000000000000e+03
2.599000000000000000e+03
2.599000000000000000e+03
2.599000000000000000e+03
7.577000000000000000e+03
7.627000000000000000e+03
7.577000000000000000e+03
7.627000000000000000e+03
1.363000000000000000e+03
1.363000000000000000e+03
1.874000000000000000e+03
1.874000000000000000e+03
1.874000000000000000e+03
1.107000000000000000e+03
1.809000000000000000e+03
1.361000000000000000e+03
1.809000000000000000e+03
1.361000000000000000e+03
1.496000000000000000e+03
1.496000000000000000e+03
1.353000000000000000e+03
1.353000000000000000e+03
1.406000000000000000e+03
1.822000000000000000e+03
1.822000000000000000e+03
1.406000000000000000e+03
2.627000000000000000e+03
2.627000000000000000e+03
1.005000000000000000e+03
1.005000000000000000e+03
9.220000000000000000e+02
9.220000000000000000e+02
1.132000000000000000e+03
1.132000000000000000e+03
1.248000000000000000e+03
1.478000000000000000e+03
1.013000000000000000e+03
1.013000000000000000e+03
6.857000000000000000e+03
1.264000000000000000e+03
1.873000000000000000e+03
1.091000000000000000e+03
1.091000000000000000e+03
4.268000000000000000e+03
4.268000000000000000e+03
1.941000000000000000e+03
1.941000000000000000e+03
5.630000000000000000e+02
7.450000000000000000e+02
5.630000000000000000e+02
7.450000000000000000e+02
8.730000000000000000e+02
5.830000000000000000e+02
1.695000000000000000e+03
5.830000000000000000e+02
8.730000000000000000e+02
1.695000000000000000e+03
1.193000000000000000e+03
1.587000000000000000e+03
1.623000000000000000e+03
1.623000000000000000e+03
1.051000000000000000e+03
8.360000000000000000e+02
1.037000000000000000e+03
1.495000000000000000e+03
1.624000000000000000e+03
2.493000000000000000e+03
2.493000000000000000e+03
1.306000000000000000e+03
1.149000000000000000e+03
1.253000000000000000e+03
1.088000000000000000e+03
1.088000000000000000e+03
1.305000000000000000e+03
1.432000000000000000e+03
1.334000000000000000e+03
1.334000000000000000e+03
1.618000000000000000e+03
1.840000000000000000e+03
1.618000000000000000e+03
1.840000000000000000e+03
1.451000000000000000e+03
1.451000000000000000e+03
1.131000000000000000e+03
2.051000000000000000e+03
2.085000000000000000e+03
2.085000000000000000e+03
2.051000000000000000e+03
2.085000000000000000e+03
2.051000000000000000e+03
2.372000000000000000e+03
2.372000000000000000e+03
7.710000000000000000e+02
9.770000000000000000e+02
1.796000000000000000e+03
1.930000000000000000e+03
9.770000000000000000e+02
1.796000000000000000e+03
1.930000000000000000e+03
8.480000000000000000e+02
8.480000000000000000e+02
1.091000000000000000e+03
1.842000000000000000e+03
1.842000000000000000e+03
1.300000000000000000e+03
1.300000000000000000e+03
1.300000000000000000e+03
1.732000000000000000e+03
1.732000000000000000e+03
1.603000000000000000e+03
1.816000000000000000e+03
1.603000000000000000e+03
1.816000000000000000e+03
2.841000000000000000e+03
2.841000000000000000e+03
9.660000000000000000e+02
9.660000000000000000e+02
1.247000000000000000e+03
1.796000000000000000e+03
1.859000000000000000e+03
1.694000000000000000e+03
1.796000000000000000e+03
1.859000000000000000e+03
1.694000000000000000e+03
1.271000000000000000e+03
1.271000000000000000e+03
1.131000000000000000e+03
1.737000000000000000e+03
1.737000000000000000e+03
7.510000000000000000e+02
7.510000000000000000e+02
1.183000000000000000e+03
7.170000000000000000e+02
1.457000000000000000e+03
1.483000000000000000e+03
1.390000000000000000e+03
7.170000000000000000e+02
1.483000000000000000e+03
1.457000000000000000e+03
1.390000000000000000e+03
2.055000000000000000e+03
7.170000000000000000e+02
2.569000000000000000e+03
9.690000000000000000e+02
8.310000000000000000e+02
1.252000000000000000e+03
8.310000000000000000e+02
1.252000000000000000e+03
7.630000000000000000e+02
1.329000000000000000e+03
1.173000000000000000e+03
1.329000000000000000e+03
1.173000000000000000e+03
1.155000000000000000e+03
8.880000000000000000e+02
1.194000000000000000e+03
1.937000000000000000e+03
1.937000000000000000e+03
1.169000000000000000e+03
1.533000000000000000e+03
1.169000000000000000e+03
1.533000000000000000e+03
1.875000000000000000e+03
1.875000000000000000e+03
1.504000000000000000e+03
1.186000000000000000e+03
1.641000000000000000e+03
1.186000000000000000e+03
1.641000000000000000e+03
7.520000000000000000e+02
1.805000000000000000e+03
2.409000000000000000e+03
1.129000000000000000e+03
1.529000000000000000e+03
1.448000000000000000e+03
1.442000000000000000e+03
1.529000000000000000e+03
1.448000000000000000e+03
1.442000000000000000e+03
2.247000000000000000e+03
2.237000000000000000e+03
1.809000000000000000e+03
2.237000000000000000e+03
2.247000000000000000e+03
2.247000000000000000e+03
1.809000000000000000e+03
9.260000000000000000e+02
9.260000000000000000e+02
9.310000000000000000e+02
2.404000000000000000e+03
1.546000000000000000e+03
1.077000000000000000e+03
7.740000000000000000e+02
1.038000000000000000e+03
7.740000000000000000e+02
1.038000000000000000e+03
1.236000000000000000e+03
1.690000000000000000e+03
1.236000000000000000e+03
1.690000000000000000e+03
1.158000000000000000e+03
1.158000000000000000e+03
1.309000000000000000e+03
1.518000000000000000e+03
1.518000000000000000e+03
1.518000000000000000e+03
8.880000000000000000e+02
1.021000000000000000e+03
1.021000000000000000e+03
3.064000000000000000e+03
2.491000000000000000e+03
2.491000000000000000e+03
1.241000000000000000e+03
1.330000000000000000e+03
1.513000000000000000e+03
1.513000000000000000e+03
1.241000000000000000e+03
1.330000000000000000e+03
9.700000000000000000e+02
1.089000000000000000e+03
1.089000000000000000e+03
1.572000000000000000e+03
1.117000000000000000e+03
3.058000000000000000e+03
3.058000000000000000e+03
8.280000000000000000e+02
8.790000000000000000e+02
8.150000000000000000e+02
1.039000000000000000e+03
8.280000000000000000e+02
8.790000000000000000e+02
8.150000000000000000e+02
1.039000000000000000e+03
8.150000000000000000e+02
9.550000000000000000e+02
9.550000000000000000e+02
8.930000000000000000e+02
1.475000000000000000e+03
8.290000000000000000e+02
1.475000000000000000e+03
8.290000000000000000e+02
9.340000000000000000e+02
1.063000000000000000e+03
3.099000000000000000e+03
9.320000000000000000e+02
2.893000000000000000e+03
9.320000000000000000e+02
9.280000000000000000e+02
1.615000000000000000e+03
1.615000000000000000e+03
1.543000000000000000e+03
1.376000000000000000e+03
1.543000000000000000e+03
1.543000000000000000e+03
1.376000000000000000e+03
1.050000000000000000e+03
1.050000000000000000e+03
9.030000000000000000e+02
8.530000000000000000e+02
1.182000000000000000e+03
1.639000000000000000e+03
1.639000000000000000e+03
2.421000000000000000e+03
2.421000000000000000e+03
7.320000000000000000e+02
1.037000000000000000e+03
1.037000000000000000e+03
8.970000000000000000e+02
1.047000000000000000e+03
8.970000000000000000e+02
8.970000000000000000e+02
1.047000000000000000e+03
1.319000000000000000e+03
1.319000000000000000e+03
1.078000000000000000e+03
8.880000000000000000e+02
8.880000000000000000e+02
1.695000000000000000e+03
8.180000000000000000e+02
1.185000000000000000e+03
1.096000000000000000e+03
1.695000000000000000e+03
8.180000000000000000e+02
1.185000000000000000e+03
1.096000000000000000e+03
1.085000000000000000e+03
1.450000000000000000e+03
1.064000000000000000e+03
9.960000000000000000e+02
1.064000000000000000e+03
1.450000000000000000e+03
9.960000000000000000e+02
9.650000000000000000e+02
9.650000000000000000e+02
9.650000000000000000e+02
1.526000000000000000e+03
1.526000000000000000e+03
1.526000000000000000e+03
1.152000000000000000e+03
1.337000000000000000e+03
1.665000000000000000e+03
1.337000000000000000e+03
1.665000000000000000e+03
9.580000000000000000e+02
1.394000000000000000e+03
1.607000000000000000e+03
1.376000000000000000e+03
1.394000000000000000e+03
1.607000000000000000e+03
1.376000000000000000e+03
1.376000000000000000e+03
1.418000000000000000e+03
1.418000000000000000e+03
1.143000000000000000e+03
1.332000000000000000e+03
1.332000000000000000e+03
7.330000000000000000e+02
1.106000000000000000e+03
1.070000000000000000e+03
1.342000000000000000e+03
1.372000000000000000e+03
1.222000000000000000e+03
1.106000000000000000e+03
1.372000000000000000e+03
1.070000000000000000e+03
1.342000000000000000e+03
1.222000000000000000e+03
1.575000000000000000e+03
1.375000000000000000e+03
8.510000000000000000e+02
1.027000000000000000e+03
8.510000000000000000e+02
1.209000000000000000e+03
1.027000000000000000e+03
1.209000000000000000e+03
1.164000000000000000e+03
1.103000000000000000e+03
1.315000000000000000e+03
1.473000000000000000e+03
1.315000000000000000e+03
1.164000000000000000e+03
1.103000000000000000e+03
1.473000000000000000e+03
1.367000000000000000e+03
1.213000000000000000e+03
1.213000000000000000e+03
1.169000000000000000e+03
1.186000000000000000e+03
1.169000000000000000e+03
1.186000000000000000e+03
1.238000000000000000e+03
1.138000000000000000e+03
9.960000000000000000e+02
1.168000000000000000e+03
1.319000000000000000e+03
1.167000000000000000e+03
1.168000000000000000e+03
1.167000000000000000e+03
1.319000000000000000e+03
1.167000000000000000e+03
1.319000000000000000e+03
1.278000000000000000e+03
1.278000000000000000e+03
1.278000000000000000e+03
9.160000000000000000e+02
7.150000000000000000e+02
2.005000000000000000e+03
2.005000000000000000e+03
9.580000000000000000e+02
1.209000000000000000e+03
9.580000000000000000e+02
1.209000000000000000e+03
1.557000000000000000e+03
9.410000000000000000e+02
9.410000000000000000e+02
1.243000000000000000e+03
1.227000000000000000e+03
1.227000000000000000e+03
1.057000000000000000e+03
1.601000000000000000e+03
1.057000000000000000e+03
1.601000000000000000e+03
1.219000000000000000e+03
1.219000000000000000e+03
1.219000000000000000e+03
1.564000000000000000e+03
1.051000000000000000e+03
1.027000000000000000e+03
1.313000000000000000e+03
1.027000000000000000e+03
1.313000000000000000e+03
1.031000000000000000e+03
2.249000000000000000e+03
2.249000000000000000e+03
2.302000000000000000e+03
2.069000000000000000e+03
1.963000000000000000e+03
2.365000000000000000e+03
2.365000000000000000e+03
2.069000000000000000e+03
1.963000000000000000e+03
2.069000000000000000e+03
1.963000000000000000e+03
9.620000000000000000e+02
1.007000000000000000e+03
1.401000000000000000e+03
1.007000000000000000e+03
9.320000000000000000e+02
1.179000000000000000e+03
1.179000000000000000e+03
9.760000000000000000e+02
9.760000000000000000e+02
9.190000000000000000e+02
9.190000000000000000e+02
1.565000000000000000e+03
1.103000000000000000e+03
1.565000000000000000e+03
1.103000000000000000e+03
1.335000000000000000e+03
1.335000000000000000e+03
9.540000000000000000e+02
2.390000000000000000e+03
1.323000000000000000e+03
1.526000000000000000e+03
1.526000000000000000e+03
1.526000000000000000e+03
1.710000000000000000e+03
4.168000000000000000e+03
4.168000000000000000e+03
1.710000000000000000e+03
4.168000000000000000e+03
1.710000000000000000e+03
1.046000000000000000e+03
1.409000000000000000e+03
9.710000000000000000e+02
9.710000000000000000e+02
1.229000000000000000e+03
1.510000000000000000e+03
1.032000000000000000e+03
1.032000000000000000e+03
1.075000000000000000e+03
1.075000000000000000e+03
1.452000000000000000e+03
1.452000000000000000e+03
1.051000000000000000e+03
1.051000000000000000e+03
1.062000000000000000e+03
8.230000000000000000e+02
8.280000000000000000e+02
8.230000000000000000e+02
8.280000000000000000e+02
1.608000000000000000e+03
1.608000000000000000e+03
9.070000000000000000e+02
1.027000000000000000e+03
1.027000000000000000e+03
1.027000000000000000e+03
1.739000000000000000e+03
1.739000000000000000e+03
2.118000000000000000e+03
2.013000000000000000e+03
2.013000000000000000e+03
2.013000000000000000e+03
1.276000000000000000e+03
1.276000000000000000e+03
1.072000000000000000e+03
7.590000000000000000e+02
7.590000000000000000e+02
7.590000000000000000e+02
2.301000000000000000e+03
1.382000000000000000e+03
1.382000000000000000e+03
1.400000000000000000e+03
1.400000000000000000e+03
1.063000000000000000e+03
1.063000000000000000e+03
2.286000000000000000e+03
2.697000000000000000e+03
4.200000000000000000e+03
2.697000000000000000e+03
4.200000000000000000e+03
2.286000000000000000e+03
4.200000000000000000e+03
2.697000000000000000e+03
2.286000000000000000e+03
1.384000000000000000e+03
1.460000000000000000e+03
1.384000000000000000e+03
1.460000000000000000e+03
1.384000000000000000e+03
1.460000000000000000e+03
1.198000000000000000e+03
1.415000000000000000e+03
1.415000000000000000e+03
1.447000000000000000e+03
9.040000000000000000e+02
1.316000000000000000e+03
1.441000000000000000e+03
9.040000000000000000e+02
1.441000000000000000e+03
1.316000000000000000e+03
1.729000000000000000e+03
1.729000000000000000e+03
2.535000000000000000e+03
1.333000000000000000e+03
1.755000000000000000e+03
1.643000000000000000e+03
1.755000000000000000e+03
1.643000000000000000e+03
1.333000000000000000e+03
1.375000000000000000e+03
1.065000000000000000e+03
1.611000000000000000e+03
1.619000000000000000e+03
1.375000000000000000e+03
1.065000000000000000e+03
1.611000000000000000e+03
1.619000000000000000e+03
1.744000000000000000e+03
1.392000000000000000e+03
1.463000000000000000e+03
1.392000000000000000e+03
1.392000000000000000e+03
1.463000000000000000e+03
1.093000000000000000e+03
1.547000000000000000e+03
1.547000000000000000e+03
1.302000000000000000e+03
1.464000000000000000e+03
1.664000000000000000e+03
1.464000000000000000e+03
1.222000000000000000e+03
1.302000000000000000e+03
1.664000000000000000e+03
1.820000000000000000e+03
1.222000000000000000e+03
1.222000000000000000e+03
1.820000000000000000e+03
1.156000000000000000e+03
9.490000000000000000e+02
1.336000000000000000e+03
9.490000000000000000e+02
1.336000000000000000e+03
1.215000000000000000e+03
1.711000000000000000e+03
1.617000000000000000e+03
1.711000000000000000e+03
1.617000000000000000e+03
7.970000000000000000e+02
7.970000000000000000e+02
1.093000000000000000e+03
1.288000000000000000e+03
2.047000000000000000e+03
2.047000000000000000e+03
9.320000000000000000e+02
1.012000000000000000e+03
1.621000000000000000e+03
1.658000000000000000e+03
1.621000000000000000e+03
1.724000000000000000e+03
1.724000000000000000e+03
9.600000000000000000e+02
1.084000000000000000e+03
9.600000000000000000e+02
1.084000000000000000e+03
1.584000000000000000e+03
1.584000000000000000e+03
1.093000000000000000e+03
9.760000000000000000e+02
1.742000000000000000e+03
9.140000000000000000e+02
9.140000000000000000e+02
1.149000000000000000e+03
1.201000000000000000e+03
1.182000000000000000e+03
1.182000000000000000e+03
4.202000000000000000e+03
4.202000000000000000e+03
4.167000000000000000e+03
1.522000000000000000e+03
1.925000000000000000e+03
1.522000000000000000e+03
1.522000000000000000e+03
1.925000000000000000e+03
1.925000000000000000e+03
8.750000000000000000e+02
2.980000000000000000e+03
2.980000000000000000e+03
1.280000000000000000e+03
1.280000000000000000e+03
1.225000000000000000e+03
8.280000000000000000e+02
8.750000000000000000e+02
1.852000000000000000e+03
1.852000000000000000e+03
1.184000000000000000e+03
1.729000000000000000e+03
1.729000000000000000e+03
1.184000000000000000e+03
1.729000000000000000e+03
1.271000000000000000e+03
1.271000000000000000e+03
1.062000000000000000e+03
1.462000000000000000e+03
1.062000000000000000e+03
1.462000000000000000e+03
1.654000000000000000e+03
1.670000000000000000e+03
1.654000000000000000e+03
1.670000000000000000e+03
1.681000000000000000e+03
1.681000000000000000e+03
1.305000000000000000e+03
1.060000000000000000e+03
1.411000000000000000e+03
1.411000000000000000e+03
9.930000000000000000e+02
1.251000000000000000e+03
9.130000000000000000e+02
9.130000000000000000e+02
3.000000000000000000e+03
1.066000000000000000e+03
2.643000000000000000e+03
1.066000000000000000e+03
2.643000000000000000e+03
2.149000000000000000e+03
1.960000000000000000e+03
1.621000000000000000e+03
1.243000000000000000e+03
1.243000000000000000e+03
1.920000000000000000e+03
1.340000000000000000e+03
1.920000000000000000e+03
1.340000000000000000e+03
2.400000000000000000e+03
2.400000000000000000e+03
1.002000000000000000e+03
1.002000000000000000e+03
9.540000000000000000e+02
9.540000000000000000e+02
8.740000000000000000e+02
8.740000000000000000e+02
1.377000000000000000e+03
8.450000000000000000e+02
1.377000000000000000e+03
8.450000000000000000e+02
8.450000000000000000e+02
7.920000000000000000e+02
1.132000000000000000e+03
1.132000000000000000e+03
7.160000000000000000e+02
9.990000000000000000e+02
9.210000000000000000e+02
9.210000000000000000e+02
2.640000000000000000e+03
2.640000000000000000e+03
7.380000000000000000e+02
9.440000000000000000e+02
7.380000000000000000e+02
9.440000000000000000e+02
1.254000000000000000e+03
1.164000000000000000e+03
1.039000000000000000e+03
1.254000000000000000e+03
1.164000000000000000e+03
1.039000000000000000e+03
2.024000000000000000e+03
9.510000000000000000e+02
1.580000000000000000e+03
1.398000000000000000e+03
1.398000000000000000e+03
8.480000000000000000e+02
9.930000000000000000e+02
9.930000000000000000e+02
2.196000000000000000e+03
2.196000000000000000e+03
2.196000000000000000e+03
9.410000000000000000e+02
9.410000000000000000e+02
1.035000000000000000e+03
9.410000000000000000e+02
1.035000000000000000e+03
1.328000000000000000e+03
1.175000000000000000e+03
1.328000000000000000e+03
1.175000000000000000e+03
1.504000000000000000e+03
1.504000000000000000e+03
1.340000000000000000e+03
9.300000000000000000e+02
9.300000000000000000e+02
1.332000000000000000e+03
1.894000000000000000e+03
1.332000000000000000e+03
1.894000000000000000e+03
2.452000000000000000e+03
3.716000000000000000e+03
2.452000000000000000e+03
3.716000000000000000e+03
1.215000000000000000e+03
1.215000000000000000e+03
9.440000000000000000e+02
9.440000000000000000e+02
9.440000000000000000e+02
1.010000000000000000e+03
1.121000000000000000e+03
1.270000000000000000e+03
1.121000000000000000e+03
1.270000000000000000e+03
1.559000000000000000e+03
1.410000000000000000e+03
1.410000000000000000e+03
9.880000000000000000e+02
1.270000000000000000e+03
9.880000000000000000e+02
1.270000000000000000e+03
2.517000000000000000e+03
2.517000000000000000e+03
9.320000000000000000e+02
9.320000000000000000e+02
8.040000000000000000e+02
8.040000000000000000e+02
1.258000000000000000e+03
1.258000000000000000e+03
1.181000000000000000e+03
1.245000000000000000e+03
2.719000000000000000e+03
2.649000000000000000e+03
3.002000000000000000e+03
2.356000000000000000e+03
2.649000000000000000e+03
3.002000000000000000e+03
2.719000000000000000e+03
2.356000000000000000e+03
1.070000000000000000e+03
1.924000000000000000e+03
1.379000000000000000e+03
1.924000000000000000e+03
1.513000000000000000e+03
1.379000000000000000e+03
1.513000000000000000e+03
1.339000000000000000e+03
1.339000000000000000e+03
1.406000000000000000e+03
1.609000000000000000e+03
1.406000000000000000e+03
1.609000000000000000e+03
8.280000000000000000e+02
8.280000000000000000e+02
4.333000000000000000e+03
4.936000000000000000e+03
5.117000000000000000e+03
5.117000000000000000e+03
5.117000000000000000e+03
4.333000000000000000e+03
4.936000000000000000e+03
9.450000000000000000e+02
9.450000000000000000e+02
8.840000000000000000e+02
1.163000000000000000e+03
1.216000000000000000e+03
8.840000000000000000e+02
1.163000000000000000e+03
1.216000000000000000e+03
1.392000000000000000e+03
1.559000000000000000e+03
1.392000000000000000e+03
1.559000000000000000e+03
1.309000000000000000e+03
2.811000000000000000e+03
2.140000000000000000e+03
1.672000000000000000e+03
1.861000000000000000e+03
1.672000000000000000e+03
1.861000000000000000e+03
8.520000000000000000e+02
1.199000000000000000e+03
1.199000000000000000e+03
9.530000000000000000e+02
1.144000000000000000e+03
1.165000000000000000e+03
9.530000000000000000e+02
1.144000000000000000e+03
1.165000000000000000e+03
1.356000000000000000e+03
9.540000000000000000e+02
9.540000000000000000e+02
1.463000000000000000e+03
1.463000000000000000e+03
1.370000000000000000e+03
1.200000000000000000e+03
2.031000000000000000e+03
1.370000000000000000e+03
1.200000000000000000e+03
1.370000000000000000e+03
1.200000000000000000e+03
2.031000000000000000e+03
9.970000000000000000e+02
9.970000000000000000e+02
9.590000000000000000e+02
7.790000000000000000e+02
9.590000000000000000e+02
7.790000000000000000e+02
1.617000000000000000e+03
1.617000000000000000e+03
8.890000000000000000e+02
8.030000000000000000e+02
8.030000000000000000e+02
1.070000000000000000e+03
1.070000000000000000e+03
1.324000000000000000e+03
1.457000000000000000e+03
1.324000000000000000e+03
1.457000000000000000e+03
1.324000000000000000e+03
1.457000000000000000e+03
3.694000000000000000e+03
3.694000000000000000e+03
2.711000000000000000e+03
3.294000000000000000e+03
2.711000000000000000e+03
3.294000000000000000e+03
1.478000000000000000e+03
1.478000000000000000e+03
9.610000000000000000e+02
1.040000000000000000e+03
1.058000000000000000e+03
9.610000000000000000e+02
1.040000000000000000e+03
1.058000000000000000e+03
1.227000000000000000e+03
1.227000000000000000e+03
1.412000000000000000e+03
1.412000000000000000e+03
1.252000000000000000e+03
1.307000000000000000e+03
1.162000000000000000e+03
1.266000000000000000e+03
2.336000000000000000e+03
3.004000000000000000e+03
2.336000000000000000e+03
3.004000000000000000e+03
9.140000000000000000e+02
9.140000000000000000e+02
3.258000000000000000e+03
3.416000000000000000e+03
3.258000000000000000e+03
3.416000000000000000e+03
8.750000000000000000e+02
8.960000000000000000e+02
8.750000000000000000e+02
8.960000000000000000e+02
8.750000000000000000e+02
8.960000000000000000e+02
1.547000000000000000e+03
1.547000000000000000e+03
1.708000000000000000e+03
1.036000000000000000e+03
1.488000000000000000e+03
1.036000000000000000e+03
1.488000000000000000e+03
8.440000000000000000e+02
1.447000000000000000e+03
1.447000000000000000e+03
9.200000000000000000e+02
1.460000000000000000e+03
1.776000000000000000e+03
1.460000000000000000e+03
1.776000000000000000e+03
1.168000000000000000e+03
1.270000000000000000e+03
2.430000000000000000e+03
1.270000000000000000e+03
2.430000000000000000e+03
1.209000000000000000e+03
1.209000000000000000e+03
1.375000000000000000e+03
1.769000000000000000e+03
1.375000000000000000e+03
1.769000000000000000e+03
1.375000000000000000e+03
1.769000000000000000e+03
1.598000000000000000e+03
1.598000000000000000e+03
1.411000000000000000e+03
1.624000000000000000e+03
1.411000000000000000e+03
1.624000000000000000e+03
1.098000000000000000e+03
1.098000000000000000e+03
1.098000000000000000e+03
1.427000000000000000e+03
1.642000000000000000e+03
1.427000000000000000e+03
1.642000000000000000e+03
1.558000000000000000e+03
1.558000000000000000e+03
1.009000000000000000e+03
1.310000000000000000e+03
1.009000000000000000e+03
1.310000000000000000e+03
1.404000000000000000e+03
1.404000000000000000e+03
1.906000000000000000e+03
1.247000000000000000e+03
1.247000000000000000e+03
1.046000000000000000e+03
1.368000000000000000e+03
1.607000000000000000e+03
1.368000000000000000e+03
1.607000000000000000e+03
1.046000000000000000e+03
1.320000000000000000e+03
1.395000000000000000e+03
1.395000000000000000e+03
1.029000000000000000e+03
1.029000000000000000e+03
1.221000000000000000e+03
9.510000000000000000e+02
9.510000000000000000e+02
1.005000000000000000e+03
8.690000000000000000e+02
1.027000000000000000e+03
8.340000000000000000e+02
8.690000000000000000e+02
1.005000000000000000e+03
1.027000000000000000e+03
8.340000000000000000e+02
1.492000000000000000e+03
1.492000000000000000e+03
7.130000000000000000e+02
7.130000000000000000e+02
1.105000000000000000e+03
1.034000000000000000e+03
1.105000000000000000e+03
1.034000000000000000e+03
1.034000000000000000e+03
1.415000000000000000e+03
7.700000000000000000e+02
7.700000000000000000e+02
9.620000000000000000e+02
9.780000000000000000e+02
1.061000000000000000e+03
9.620000000000000000e+02
9.780000000000000000e+02
1.061000000000000000e+03
1.471000000000000000e+03
1.752000000000000000e+03
2.311000000000000000e+03
1.471000000000000000e+03
1.752000000000000000e+03
2.311000000000000000e+03
1.142000000000000000e+03
1.142000000000000000e+03
7.640000000000000000e+02
7.640000000000000000e+02
2.057000000000000000e+03
2.057000000000000000e+03
2.057000000000000000e+03
1.165000000000000000e+03
1.165000000000000000e+03
1.030000000000000000e+03
1.053000000000000000e+03
1.030000000000000000e+03
1.053000000000000000e+03
9.530000000000000000e+02
9.360000000000000000e+02
9.530000000000000000e+02
1.470000000000000000e+03
9.360000000000000000e+02
1.470000000000000000e+03
1.781000000000000000e+03
1.781000000000000000e+03
1.197000000000000000e+03
1.349000000000000000e+03
1.380000000000000000e+03
1.349000000000000000e+03
1.380000000000000000e+03
1.481000000000000000e+03
1.088000000000000000e+03
1.378000000000000000e+03
1.088000000000000000e+03
1.378000000000000000e+03
1.330000000000000000e+03
1.330000000000000000e+03
2.193000000000000000e+03
1.036000000000000000e+03
2.193000000000000000e+03
1.036000000000000000e+03
1.541000000000000000e+03
1.541000000000000000e+03
1.847000000000000000e+03
1.847000000000000000e+03
9.390000000000000000e+02
1.047000000000000000e+03
1.325000000000000000e+03
1.055000000000000000e+03
1.320000000000000000e+03
1.320000000000000000e+03
1.320000000000000000e+03
1.255000000000000000e+03
2.090000000000000000e+03
2.272000000000000000e+03
1.255000000000000000e+03
2.090000000000000000e+03
2.272000000000000000e+03
2.090000000000000000e+03
1.458000000000000000e+03
1.806000000000000000e+03
1.806000000000000000e+03
1.946000000000000000e+03
1.194000000000000000e+03
9.800000000000000000e+02
9.800000000000000000e+02
1.410000000000000000e+03
1.410000000000000000e+03
8.200000000000000000e+02
1.872000000000000000e+03
1.910000000000000000e+03
8.280000000000000000e+02
8.200000000000000000e+02
1.872000000000000000e+03
1.910000000000000000e+03
8.280000000000000000e+02
9.570000000000000000e+02
9.700000000000000000e+02
9.700000000000000000e+02
1.422000000000000000e+03
1.319000000000000000e+03
1.574000000000000000e+03
1.319000000000000000e+03
1.236000000000000000e+03
1.319000000000000000e+03
1.574000000000000000e+03
1.236000000000000000e+03
9.680000000000000000e+02
9.680000000000000000e+02
8.350000000000000000e+02
1.123000000000000000e+03
8.950000000000000000e+02
1.123000000000000000e+03
8.350000000000000000e+02
8.950000000000000000e+02
1.257000000000000000e+03
1.257000000000000000e+03
2.028000000000000000e+03
9.590000000000000000e+02
7.660000000000000000e+02
9.590000000000000000e+02
7.660000000000000000e+02
1.075000000000000000e+03
1.152000000000000000e+03
6.190000000000000000e+02
6.190000000000000000e+02
1.316000000000000000e+03
1.316000000000000000e+03
2.157000000000000000e+03
2.157000000000000000e+03
1.771000000000000000e+03
1.771000000000000000e+03
1.793000000000000000e+03
2.680000000000000000e+03
1.793000000000000000e+03
2.680000000000000000e+03
2.340000000000000000e+03
9.600000000000000000e+02
1.497000000000000000e+03
1.497000000000000000e+03
8.390000000000000000e+02
8.390000000000000000e+02
9.820000000000000000e+02
1.022000000000000000e+03
9.820000000000000000e+02
1.022000000000000000e+03
6.280000000000000000e+02
6.280000000000000000e+02
1.040000000000000000e+03
8.230000000000000000e+02
8.490000000000000000e+02
8.490000000000000000e+02
8.750000000000000000e+02
8.750000000000000000e+02
8.890000000000000000e+02
8.890000000000000000e+02
8.890000000000000000e+02
1.163000000000000000e+03
1.163000000000000000e+03
6.930000000000000000e+02
6.930000000000000000e+02
6.010000000000000000e+02
1.374000000000000000e+03
1.550000000000000000e+03
1.374000000000000000e+03
2.059000000000000000e+03
1.550000000000000000e+03
2.059000000000000000e+03
1.071000000000000000e+03
1.071000000000000000e+03
1.071000000000000000e+03
1.247000000000000000e+03
1.260000000000000000e+03
1.247000000000000000e+03
1.260000000000000000e+03
7.970000000000000000e+02
7.970000000000000000e+02
3.215000000000000000e+03
3.215000000000000000e+03
2.257000000000000000e+03
1.285000000000000000e+03
1.102000000000000000e+03
1.404000000000000000e+03
1.404000000000000000e+03
1.285000000000000000e+03
1.102000000000000000e+03
7.420000000000000000e+02
1.050000000000000000e+03
1.380000000000000000e+03
1.050000000000000000e+03
1.380000000000000000e+03
1.273000000000000000e+03
2.704000000000000000e+03
3.093000000000000000e+03
1.408000000000000000e+03
1.350000000000000000e+03
3.093000000000000000e+03
2.704000000000000000e+03
1.408000000000000000e+03
1.350000000000000000e+03
1.153000000000000000e+03
1.099000000000000000e+03
1.045000000000000000e+03
1.099000000000000000e+03
1.045000000000000000e+03
2.037000000000000000e+03
2.037000000000000000e+03
1.380000000000000000e+03
1.236000000000000000e+03
1.319000000000000000e+03
1.662000000000000000e+03
1.380000000000000000e+03
1.236000000000000000e+03
1.319000000000000000e+03
1.662000000000000000e+03
1.201000000000000000e+03
1.751000000000000000e+03
1.201000000000000000e+03
1.751000000000000000e+03
1.726000000000000000e+03
1.726000000000000000e+03
1.845000000000000000e+03
1.845000000000000000e+03
1.557000000000000000e+03
1.589000000000000000e+03
1.557000000000000000e+03
1.589000000000000000e+03
1.756000000000000000e+03
1.123000000000000000e+03
1.756000000000000000e+03
1.123000000000000000e+03
1.146000000000000000e+03
1.146000000000000000e+03
1.112000000000000000e+03
1.045000000000000000e+03
1.112000000000000000e+03
1.045000000000000000e+03
1.154000000000000000e+03
1.154000000000000000e+03
1.153000000000000000e+03
1.165000000000000000e+03
1.153000000000000000e+03
1.025000000000000000e+03
1.165000000000000000e+03
1.025000000000000000e+03
2.040000000000000000e+03
9.610000000000000000e+02
1.715000000000000000e+03
1.752000000000000000e+03
1.715000000000000000e+03
1.752000000000000000e+03
1.397000000000000000e+03
2.031000000000000000e+03
2.462000000000000000e+03
2.031000000000000000e+03
2.462000000000000000e+03
1.754000000000000000e+03
9.830000000000000000e+02
9.830000000000000000e+02
2.805000000000000000e+03
1.858000000000000000e+03
1.539000000000000000e+03
1.858000000000000000e+03
1.539000000000000000e+03
1.162000000000000000e+03
1.162000000000000000e+03
2.294000000000000000e+03
1.460000000000000000e+03
1.460000000000000000e+03
9.760000000000000000e+02
1.149000000000000000e+03
1.633000000000000000e+03
1.149000000000000000e+03
1.633000000000000000e+03
1.699000000000000000e+03
1.714000000000000000e+03
8.670000000000000000e+02
1.699000000000000000e+03
1.714000000000000000e+03
8.670000000000000000e+02
9.180000000000000000e+02
1.046000000000000000e+03
6.370000000000000000e+02
1.133000000000000000e+03
6.370000000000000000e+02
1.133000000000000000e+03
4.115000000000000000e+03
1.225000000000000000e+03
1.182000000000000000e+03
1.250000000000000000e+03
1.404000000000000000e+03
1.182000000000000000e+03
1.250000000000000000e+03
1.404000000000000000e+03
2.074000000000000000e+03
8.650000000000000000e+02
8.650000000000000000e+02
1.742000000000000000e+03
1.008000000000000000e+03
1.742000000000000000e+03
1.008000000000000000e+03
2.634000000000000000e+03
2.634000000000000000e+03
2.602000000000000000e+03
2.196000000000000000e+03
3.081000000000000000e+03
3.081000000000000000e+03
1.251000000000000000e+03
1.687000000000000000e+03
1.687000000000000000e+03
1.980000000000000000e+03
1.980000000000000000e+03
1.655000000000000000e+03
1.704000000000000000e+03
1.704000000000000000e+03
1.570000000000000000e+03
1.523000000000000000e+03
1.919000000000000000e+03
1.523000000000000000e+03
1.919000000000000000e+03
1.570000000000000000e+03
1.283000000000000000e+03
1.283000000000000000e+03
1.757000000000000000e+03
1.757000000000000000e+03
1.757000000000000000e+03
1.562000000000000000e+03
1.562000000000000000e+03
1.350000000000000000e+03
1.759000000000000000e+03
1.759000000000000000e+03
1.759000000000000000e+03
1.201000000000000000e+03
1.201000000000000000e+03
1.201000000000000000e+03
9.190000000000000000e+02
7.390000000000000000e+02
1.149000000000000000e+03
7.390000000000000000e+02
1.149000000000000000e+03
9.480000000000000000e+02
9.480000000000000000e+02
1.212000000000000000e+03
8.230000000000000000e+02
1.939000000000000000e+03
8.230000000000000000e+02
1.939000000000000000e+03
1.301000000000000000e+03
9.590000000000000000e+02
9.590000000000000000e+02
9.590000000000000000e+02
6.980000000000000000e+02
1.213000000000000000e+03
1.308000000000000000e+03
6.980000000000000000e+02
1.213000000000000000e+03
1.308000000000000000e+03
7.040000000000000000e+02
7.040000000000000000e+02
1.456000000000000000e+03
1.090000000000000000e+03
1.171000000000000000e+03
2.265000000000000000e+03
1.281000000000000000e+03
3.622000000000000000e+03
1.281000000000000000e+03
2.186000000000000000e+03
1.293000000000000000e+03
1.110000000000000000e+03
1.410000000000000000e+03
1.293000000000000000e+03
1.110000000000000000e+03
1.410000000000000000e+03
1.084000000000000000e+03
1.410000000000000000e+03
1.084000000000000000e+03
1.364000000000000000e+03
3.344000000000000000e+03
3.344000000000000000e+03
2.318000000000000000e+03
2.204000000000000000e+03
1.769000000000000000e+03
2.204000000000000000e+03
2.914000000000000000e+03
1.769000000000000000e+03
2.914000000000000000e+03
2.711000000000000000e+03
1.937000000000000000e+03
1.937000000000000000e+03
1.038000000000000000e+03
1.098000000000000000e+03
1.181000000000000000e+03
1.038000000000000000e+03
1.098000000000000000e+03
2.112000000000000000e+03
1.888000000000000000e+03
1.833000000000000000e+03
2.112000000000000000e+03
1.888000000000000000e+03
1.833000000000000000e+03
1.281000000000000000e+03
1.660000000000000000e+03
1.281000000000000000e+03
1.281000000000000000e+03
1.660000000000000000e+03
1.660000000000000000e+03
3.792000000000000000e+03
3.792000000000000000e+03
1.452000000000000000e+03
1.511000000000000000e+03
1.452000000000000000e+03
1.511000000000000000e+03
1.261000000000000000e+03
2.532000000000000000e+03
2.616000000000000000e+03
2.662000000000000000e+03
3.759000000000000000e+03
2.616000000000000000e+03
2.532000000000000000e+03
2.662000000000000000e+03
3.759000000000000000e+03
1.035000000000000000e+03
1.366000000000000000e+03
1.804000000000000000e+03
1.035000000000000000e+03
1.366000000000000000e+03
1.804000000000000000e+03
1.122000000000000000e+03
9.110000000000000000e+02
9.110000000000000000e+02
9.290000000000000000e+02
9.290000000000000000e+02
1.138000000000000000e+03
1.119000000000000000e+03
1.138000000000000000e+03
1.119000000000000000e+03
1.119000000000000000e+03
1.668000000000000000e+03
1.867000000000000000e+03
1.320000000000000000e+03
7.790000000000000000e+02
7.790000000000000000e+02
1.434000000000000000e+03
2.425000000000000000e+03
1.460000000000000000e+03
2.425000000000000000e+03
1.460000000000000000e+03
2.425000000000000000e+03
1.906000000000000000e+03
1.106000000000000000e+03
1.106000000000000000e+03
1.078000000000000000e+03
1.432000000000000000e+03
1.792000000000000000e+03
1.352000000000000000e+03
1.352000000000000000e+03
1.034000000000000000e+03
1.570000000000000000e+03
1.591000000000000000e+03
1.591000000000000000e+03
1.163000000000000000e+03
1.077000000000000000e+03
1.077000000000000000e+03
1.671000000000000000e+03
1.671000000000000000e+03
1.025000000000000000e+03
1.239000000000000000e+03
1.025000000000000000e+03
1.239000000000000000e+03
2.173000000000000000e+03
2.173000000000000000e+03
8.860000000000000000e+02
8.860000000000000000e+02
1.522000000000000000e+03
1.163000000000000000e+03
1.522000000000000000e+03
1.163000000000000000e+03
1.742000000000000000e+03
1.062000000000000000e+03
1.062000000000000000e+03
1.079000000000000000e+03
1.543000000000000000e+03
1.695000000000000000e+03
1.089000000000000000e+03
1.079000000000000000e+03
1.695000000000000000e+03
1.543000000000000000e+03
1.089000000000000000e+03
8.310000000000000000e+02
3.938000000000000000e+03
7.690000000000000000e+02
9.910000000000000000e+02
7.690000000000000000e+02
9.910000000000000000e+02
8.190000000000000000e+02
1.644000000000000000e+03
2.053000000000000000e+03
1.644000000000000000e+03
2.053000000000000000e+03
9.780000000000000000e+02
9.870000000000000000e+02
9.780000000000000000e+02
9.870000000000000000e+02
1.133000000000000000e+03
1.133000000000000000e+03
1.179000000000000000e+03
1.179000000000000000e+03
1.751000000000000000e+03
1.751000000000000000e+03
1.773000000000000000e+03
1.773000000000000000e+03
2.404000000000000000e+03
3.188000000000000000e+03
3.751000000000000000e+03
2.404000000000000000e+03
3.188000000000000000e+03
3.751000000000000000e+03
1.463000000000000000e+03
1.463000000000000000e+03
1.086000000000000000e+03
1.772000000000000000e+03
1.772000000000000000e+03
1.311000000000000000e+03
1.273000000000000000e+03
1.802000000000000000e+03
1.702000000000000000e+03
1.273000000000000000e+03
1.702000000000000000e+03
1.802000000000000000e+03
1.423000000000000000e+03
1.423000000000000000e+03
1.212000000000000000e+03
1.212000000000000000e+03
2.476000000000000000e+03
1.044000000000000000e+03
1.519000000000000000e+03
7.960000000000000000e+02
7.960000000000000000e+02
1.367000000000000000e+03
1.164000000000000000e+03
1.139000000000000000e+03
1.139000000000000000e+03
1.164000000000000000e+03
1.195000000000000000e+03
2.517000000000000000e+03
1.195000000000000000e+03
3.139000000000000000e+03
2.517000000000000000e+03
3.139000000000000000e+03
9.250000000000000000e+02
1.246000000000000000e+03
1.246000000000000000e+03
7.980000000000000000e+02
7.980000000000000000e+02
7.980000000000000000e+02
1.421000000000000000e+03
1.195000000000000000e+03
1.195000000000000000e+03
1.472000000000000000e+03
1.596000000000000000e+03
1.648000000000000000e+03
1.648000000000000000e+03
1.596000000000000000e+03
1.513000000000000000e+03
2.873000000000000000e+03
1.253000000000000000e+03
2.369000000000000000e+03
2.369000000000000000e+03
1.445000000000000000e+03
1.445000000000000000e+03
1.853000000000000000e+03
1.853000000000000000e+03
1.445000000000000000e+03
1.445000000000000000e+03
3.253000000000000000e+03
3.511000000000000000e+03
3.998000000000000000e+03
3.253000000000000000e+03
3.998000000000000000e+03
3.511000000000000000e+03
1.571000000000000000e+03
1.571000000000000000e+03
5.062000000000000000e+03
5.062000000000000000e+03
7.970000000000000000e+02
9.610000000000000000e+02
3.933000000000000000e+03
3.979000000000000000e+03
3.979000000000000000e+03
3.933000000000000000e+03
2.259000000000000000e+03
2.259000000000000000e+03
1.140000000000000000e+03
2.586000000000000000e+03
2.586000000000000000e+03
1.770000000000000000e+03
1.689000000000000000e+03
1.689000000000000000e+03
1.770000000000000000e+03
1.918000000000000000e+03
7.970000000000000000e+02
2.727000000000000000e+03
2.727000000000000000e+03
1.901000000000000000e+03
1.977000000000000000e+03
1.901000000000000000e+03
1.083000000000000000e+03
1.083000000000000000e+03
9.750000000000000000e+02
3.104000000000000000e+03
8.890000000000000000e+02
1.271000000000000000e+03
8.890000000000000000e+02
1.271000000000000000e+03
4.665000000000000000e+03
4.665000000000000000e+03
1.150000000000000000e+03
1.150000000000000000e+03
1.150000000000000000e+03
3.578000000000000000e+03
3.578000000000000000e+03
3.202000000000000000e+03
1.738000000000000000e+03
1.750000000000000000e+03
1.595000000000000000e+03
2.032000000000000000e+03
2.006000000000000000e+03
2.032000000000000000e+03
2.006000000000000000e+03
1.738000000000000000e+03
1.750000000000000000e+03
1.595000000000000000e+03
1.273000000000000000e+03
1.273000000000000000e+03
8.030000000000000000e+02
9.370000000000000000e+02
8.030000000000000000e+02
9.370000000000000000e+02
1.308000000000000000e+03
9.120000000000000000e+02
1.004000000000000000e+03
9.120000000000000000e+02
1.004000000000000000e+03
1.046000000000000000e+03
1.179000000000000000e+03
9.670000000000000000e+02
9.670000000000000000e+02
3.919000000000000000e+03
3.919000000000000000e+03
1.321000000000000000e+03
1.321000000000000000e+03
1.321000000000000000e+03
1.818000000000000000e+03
1.818000000000000000e+03
3.071000000000000000e+03
3.048000000000000000e+03
3.071000000000000000e+03
3.048000000000000000e+03
3.071000000000000000e+03
3.048000000000000000e+03
1.390000000000000000e+03
1.001000000000000000e+03
1.607000000000000000e+03
1.320000000000000000e+03
8.970000000000000000e+02
2.141000000000000000e+03
1.243000000000000000e+03
8.970000000000000000e+02
2.141000000000000000e+03
1.243000000000000000e+03
1.222000000000000000e+03
1.222000000000000000e+03
7.040000000000000000e+02
1.267000000000000000e+03
1.267000000000000000e+03
1.010000000000000000e+03
9.670000000000000000e+02
1.010000000000000000e+03
9.670000000000000000e+02
1.198000000000000000e+03
1.198000000000000000e+03
1.184000000000000000e+03
1.579000000000000000e+03
1.432000000000000000e+03
1.867000000000000000e+03
1.446000000000000000e+03
1.385000000000000000e+03
1.867000000000000000e+03
1.432000000000000000e+03
1.579000000000000000e+03
1.385000000000000000e+03
1.446000000000000000e+03
1.259000000000000000e+03
1.245000000000000000e+03
1.245000000000000000e+03
1.988000000000000000e+03
1.988000000000000000e+03
1.200000000000000000e+03
1.200000000000000000e+03
1.320000000000000000e+03
1.383000000000000000e+03
1.320000000000000000e+03
1.383000000000000000e+03
1.726000000000000000e+03
1.616000000000000000e+03
1.726000000000000000e+03
1.616000000000000000e+03
1.893000000000000000e+03
1.975000000000000000e+03
1.893000000000000000e+03
1.893000000000000000e+03
1.975000000000000000e+03
1.975000000000000000e+03
2.780000000000000000e+03
2.780000000000000000e+03
9.640000000000000000e+02
2.402000000000000000e+03
9.640000000000000000e+02
2.402000000000000000e+03
1.095000000000000000e+03
1.016000000000000000e+03
1.016000000000000000e+03
1.095000000000000000e+03
7.200000000000000000e+02
1.289000000000000000e+03
1.289000000000000000e+03
1.289000000000000000e+03
3.235000000000000000e+03
3.235000000000000000e+03
8.570000000000000000e+02
8.570000000000000000e+02
1.245000000000000000e+03
8.190000000000000000e+02
9.530000000000000000e+02
1.245000000000000000e+03
8.190000000000000000e+02
9.530000000000000000e+02
9.530000000000000000e+02
1.193000000000000000e+03
1.174000000000000000e+03
1.650000000000000000e+03
1.174000000000000000e+03
1.650000000000000000e+03
1.695000000000000000e+03
1.695000000000000000e+03
1.817000000000000000e+03
2.119000000000000000e+03
1.817000000000000000e+03
2.119000000000000000e+03
8.730000000000000000e+02
7.540000000000000000e+02
8.730000000000000000e+02
7.540000000000000000e+02
1.140000000000000000e+03
1.140000000000000000e+03
1.541000000000000000e+03
1.541000000000000000e+03
1.249000000000000000e+03
1.249000000000000000e+03
2.260000000000000000e+03
2.260000000000000000e+03
2.260000000000000000e+03
